Survey,CSA,CBSA,MONCOV,CBSA,,1-unit,,,2-units,,,3-4 units,,,5+ units,,,1-unit rep,,,2-units rep,,,3-4 units rep,,,5+ units rep
Date,Code,Code,,Name,Bldgs,Units,Value,Bldgs,Units,Value,Bldgs,Units,Value,Bldgs,Units,Value,Bldgs,Units,Value,Bldgs,Units,Value,      Bldgs,Units,Value,Bldgs,Units,Value
 
202399,104,10580,C,Albany-Schenectady-Troy  NY ,976,976,350376,20,40,9007,14,55,9533,56,836,101530,843,843,296483,15,30,5877,14,55,9533,37,740,92645
202399,104,24020, ,Glens Falls  NY ,226,226,73485,1,2,346,1,4,630,1,6,850,223,223,72574,1,2,346,1,4,630,1,6,850
202399,106,10740,C,Albuquerque  NM ,2057,2057,495214,0,0,0,0,0,0,12,777,65320,2057,2057,495214,0,0,0,0,0,0,12,777,65320
202399,106,42140,C,Santa Fe  NM ,264,264,84409,0,0,0,0,0,0,34,662,110000,264,264,84409,0,0,0,0,0,0,34,662,110000
202399,107,11020, ,Altoona  PA ,62,62,20864,2,4,688,8,32,3064,1,12,113,62,62,20864,2,4,688,8,32,3064,1,12,113
202399,108,11100, ,Amarillo  TX ,567,567,158648,23,46,6695,1,4,572,11,55,7581,533,533,149936,23,46,6695,1,4,572,11,55,7581
202399,118,11540, ,Appleton  WI ,461,461,177449,24,48,9375,5,16,4275,12,228,19787,455,455,175170,24,48,9375,5,16,4275,12,228,19787
202399,118,36780, ,Oshkosh-Neenah  WI ,230,230,89813,6,12,1560,1,4,269,14,186,18841,228,228,88745,6,12,1560,1,4,269,14,186,18841
202399,120,11700, ,Asheville  NC ,2636,2636,1045806,15,30,4958,0,0,0,51,1260,184553,2451,2451,1008791,15,30,4958,0,0,0,44,1214,171815
202399,122,12020, ,Athens-Clarke County  GA ,776,776,256824,17,34,5849,11,33,2892,12,183,29608,600,600,202257,17,34,5849,11,33,2892,12,183,29608
202399,122,12060, ,Atlanta-Sandy Springs-Alpharetta  GA ,24022,24022,6597874,57,114,26362,76,276,49971,460,14227,2013193,22698,22698,6305064,54,108,25350,76,276,49971,449,14085,1998609
202399,122,23580, ,Gainesville  GA ,1214,1214,266827,2,4,350,8,31,2566,10,70,6007,345,345,62044,2,4,350,8,31,2566,10,70,6007
202399,122,40660,C,Rome  GA ,327,327,67703,0,0,0,0,0,0,0,0,0,327,327,67703,0,0,0,0,0,0,0,0,0
202399,140,13460,C,Bend  OR ,1192,1192,465099,61,122,27535,4,15,4057,36,1068,176682,1192,1192,465099,61,122,27535,4,15,4057,36,1068,176682
202399,142,13820,C,Birmingham-Hoover  AL ,3042,3042,986990,11,22,10866,1,4,646,20,324,51303,2872,2872,929029,11,22,10866,1,4,646,20,324,51303
202399,144,14020,C,Bloomington  IN ,333,333,106442,2,4,1135,0,0,0,5,239,55450,333,333,106442,2,4,1135,0,0,0,5,239,55450
202399,145,14010, ,Bloomington  IL ,159,159,47755,26,52,7681,1,4,625,0,0,0,159,159,47755,26,52,7681,1,4,625,0,0,0
202399,146,14100,C,Bloomsburg-Berwick  PA ,104,104,31286,2,4,520,0,0,0,0,0,0,103,103,30987,2,4,520,0,0,0,0,0,0
202399,147,14260,C,Boise City  ID ,6508,6508,1759640,19,38,6432,58,230,21443,91,3115,556090,6444,6444,1739618,19,38,6432,58,230,21443,87,3093,552588
202399,148,12700, ,Barnstable Town  MA ,418,418,286457,6,12,2193,4,13,3000,4,104,31023,377,377,269559,5,10,2003,4,13,3000,4,104,31023
202399,148,14460,C,Boston-Cambridge-Newton  MA-NH ,3396,3396,1435744,184,368,93683,103,349,111347,226,6709,1729749,2879,2879,1268812,174,348,90780,102,346,110747,162,6191,1641023
202399,148,31700, ,Manchester-Nashua  NH ,532,532,181097,22,44,11480,5,20,3152,13,786,146592,377,377,142126,17,34,9823,5,20,3152,13,786,146592
202399,148,39300,C,Providence-Warwick  RI-MA ,1255,1255,373919,83,166,23145,22,71,10327,23,438,58450,869,869,278359,65,130,15941,20,65,9277,22,433,57950
202399,148,49340, ,Worcester  MA-CT ,919,919,315285,58,116,17644,3,11,1341,13,303,35063,798,798,283288,50,100,15617,3,11,1341,12,298,34685
202399,150,14540, ,Bowling Green  KY ,822,822,220507,3,6,1162,9,33,4228,62,594,64369,821,821,220357,3,6,1162,8,30,4003,62,594,64369
202399,154,15180, ,Brownsville-Harlingen  TX ,1604,1604,305531,69,138,16397,31,111,12664,16,99,12089,1419,1419,258310,56,112,13025,17,66,6087,16,99,12089
202399,160,15380,C,Buffalo-Cheektowaga  NY ,755,755,291374,27,54,9210,13,48,9125,36,404,66507,698,698,280484,27,54,9210,13,48,9125,24,260,34217
202399,162,15540, ,Burlington-South Burlington  VT ,430,430,148249,41,82,14762,5,15,4744,21,669,92091,371,371,132211,37,74,13355,5,15,4744,15,639,90460
202399,163,15980,C,Cape Coral-Fort Myers  FL ,8654,8654,1965357,152,304,42171,4,15,4821,153,4583,834410,8650,8650,1964334,152,304,42171,4,15,4821,152,4559,831349
202399,163,34940, ,Naples-Marco Island  FL ,2923,2923,1437504,15,30,10049,19,76,11629,30,589,705071,2911,2911,1401412,15,30,10049,19,76,11629,29,583,702190
202399,164,16020, ,Cape Girardeau  MO-IL ,79,79,23909,0,0,0,0,0,0,0,0,0,6,6,2672,0,0,0,0,0,0,0,0,0
202399,168,16300, ,Cedar Rapids  IA ,467,467,121810,21,42,7240,16,58,8300,11,201,20269,459,459,120958,20,40,7040,14,52,7920,11,201,20269
202399,168,26980, ,Iowa City  IA ,506,506,175289,29,58,12908,4,15,3297,15,687,144525,504,504,174629,27,54,12306,4,15,3297,15,687,144525
202399,170,16620, ,Charleston  WV ,185,185,27876,0,0,0,0,0,0,0,0,0,169,169,25521,0,0,0,0,0,0,0,0,0
202399,170,26580, ,Huntington-Ashland  WV-KY-OH ,228,228,47010,6,12,790,8,28,1580,3,22,2615,58,58,13506,6,12,790,8,28,1580,3,22,2615
202399,172,16740, ,Charlotte-Concord-Gastonia  NC-SC ,19146,19146,5414925,60,120,22617,7,26,6193,233,10127,1167982,17883,17883,4995839,60,120,22617,7,26,6193,217,9926,1144797
202399,174,16860, ,Chattanooga  TN-GA ,2243,2243,519651,60,120,9862,38,126,11993,28,527,52670,1736,1736,411757,10,20,2673,27,93,10079,2,10,1024
202399,174,17420, ,Cleveland  TN ,775,775,185609,0,0,0,8,28,3711,2,18,2287,575,575,149387,0,0,0,8,28,3711,2,18,2287
202399,174,19140, ,Dalton  GA ,366,366,69531,25,50,3257,11,36,5142,8,44,4140,121,121,23737,11,22,1400,3,12,1984,4,24,3067
202399,176,16980, ,Chicago-Naperville-Elgin  IL-IN-WI ,8452,8452,2957029,175,350,77649,193,660,124794,285,5566,962420,7979,7979,2856527,172,344,76602,189,648,123061,249,5361,931868
202399,176,28100, ,Kankakee  IL ,72,72,22465,0,0,0,2,7,1626,1,7,700,72,72,22465,0,0,0,2,7,1626,1,7,700
202399,176,33140, ,Michigan City-La Porte  IN ,161,161,62931,0,0,0,0,0,0,6,72,9120,127,127,54590,0,0,0,0,0,0,0,0,0
202399,178,17140, ,Cincinnati  OH-KY-IN ,3714,3714,1255694,147,294,46580,57,193,29238,107,2040,251034,3526,3526,1219436,147,294,46580,57,193,29238,107,2040,251034
202399,184,10420, ,Akron  OH ,709,709,240822,2,4,803,27,103,17758,18,124,20951,701,701,239742,2,4,803,27,103,17758,18,124,20951
202399,184,15940, ,Canton-Massillon  OH ,364,364,142590,9,18,3394,17,53,6736,13,77,5914,317,317,136320,3,6,1050,10,32,5660,0,0,0
202399,184,17460, ,Cleveland-Elyria  OH ,2500,2500,817297,7,14,5149,24,89,14056,44,888,115056,2302,2302,767151,7,14,5149,24,89,14056,44,888,115056
202399,190,17860, ,Columbia  MO ,609,609,229304,2,4,520,0,0,0,4,68,10625,609,609,229304,2,4,520,0,0,0,4,68,10625
202399,192,17900,C,Columbia  SC ,4634,4634,1171245,39,78,8200,42,151,17134,15,602,130533,3380,3380,927262,39,78,8200,42,151,17134,15,602,130533
202399,194,12220,C,Auburn-Opelika  AL ,1359,1359,390970,15,30,2912,3,9,3749,1,5,1100,1359,1359,390970,15,30,2912,3,9,3749,1,5,1100
202399,194,17980, ,Columbus  GA-AL ,579,579,154406,3,6,378,1,4,401,7,50,5150,563,563,151197,3,6,378,1,4,401,7,50,5150
202399,198,18140, ,Columbus  OH ,5364,5364,1953471,67,134,22674,68,236,36891,184,5706,641134,4913,4913,1777791,65,130,21674,68,236,36891,182,5694,639671
202399,204,18580, ,Corpus Christi  TX ,1780,1780,440786,1,2,180,0,0,0,3,69,5128,393,393,92522,1,2,180,0,0,0,0,0,0
202399,206,19100, ,Dallas-Fort Worth-Arlington  TX ,44366,44366,12977710,463,926,131087,129,422,63493,465,22315,3084389,42730,42730,12477629,440,880,125976,92,291,51625,433,21058,2946508
202399,206,43300, ,Sherman-Denison  TX ,1162,1162,331002,13,26,4298,0,0,0,58,1259,167907,878,878,258369,12,24,4073,0,0,0,58,1259,167907
202399,209,19340, ,Davenport-Moline-Rock Island  IA-IL ,366,366,99630,8,16,3205,20,75,14070,8,157,11561,317,317,90974,3,6,1580,18,69,13570,2,127,8415
202399,212,19430, ,Dayton-Kettering  OH ,1120,1120,462403,5,10,1214,23,88,10213,27,548,74629,866,866,373798,1,2,200,22,85,9915,15,287,42968
202399,212,44220, ,Springfield  OH ,107,107,35198,0,0,0,17,68,7010,1,40,2608,107,107,35198,0,0,0,17,68,7010,1,40,2608
202399,216,14500, ,Boulder  CO ,791,791,498949,8,16,3849,14,48,11190,49,787,158133,754,754,463126,5,10,2852,12,42,9559,36,568,99383
202399,216,19740,C,Denver-Aurora-Lakewood  CO ,9012,9012,2902528,82,164,45211,31,112,22525,286,11362,2017438,8843,8843,2856099,82,164,45211,31,112,22525,281,11294,2006868
202399,216,24540, ,Greeley  CO ,2447,2447,821575,34,68,12523,28,104,22934,65,1008,153444,2222,2222,759363,29,58,10776,25,95,21516,61,947,144492
202399,218,11180, ,Ames  IA ,167,167,59470,2,4,1060,24,83,18791,1,8,1186,143,143,52752,2,4,1060,24,83,18791,1,8,1186
202399,218,19780, ,Des Moines-West Des Moines  IA ,3689,3689,1319089,23,46,10816,17,64,15618,40,1201,190831,3669,3669,1312809,23,46,10816,17,64,15618,40,1201,190831
202399,220,11460, ,Ann Arbor  MI ,485,485,183121,14,28,4839,1,4,540,67,1080,407422,386,386,154587,14,28,4839,1,4,540,67,1080,407422
202399,220,19820, ,Detroit-Warren-Dearborn  MI ,4541,4541,1532508,110,220,19568,47,173,37254,120,1800,238742,4203,4203,1448878,110,220,19568,44,164,35150,120,1800,238742
202399,220,22420, ,Flint  MI ,236,236,71676,6,12,2537,14,52,11812,6,80,11237,216,216,67351,6,12,2537,14,52,11812,6,80,11237
202399,220,33780, ,Monroe  MI ,180,180,49360,5,10,1540,4,16,2300,10,52,4073,130,130,37764,5,10,1540,4,16,2300,2,12,1200
202399,222,20020, ,Dothan  AL ,442,442,122573,0,0,0,4,16,1906,0,0,0,307,307,92300,0,0,0,4,16,1906,0,0,0
202399,232,20740, ,Eau Claire  WI ,339,339,131686,71,142,35121,2,8,1382,33,1012,153612,339,339,131686,71,142,35121,2,8,1382,33,1012,153612
202399,236,21300, ,Elmira  NY ,25,25,4513,0,0,0,0,0,0,10,54,6052,19,19,3209,0,0,0,0,0,0,0,0,0
202399,238,21340,C,El Paso  TX ,1967,1967,469144,32,64,8291,11,34,4482,18,182,21449,365,365,92841,0,0,0,0,0,0,0,0,0
202399,238,29740,C,Las Cruces  NM ,837,837,238035,6,12,2317,3,12,1049,0,0,0,732,732,214694,6,12,2317,3,12,1049,0,0,0
202399,240,21500, ,Erie  PA ,144,144,51627,2,4,350,0,0,0,13,76,10873,141,141,50913,2,4,350,0,0,0,13,76,10873
202399,244,22020, ,Fargo  ND-MN ,885,885,271865,0,0,0,0,0,0,14,1204,185833,882,882,271131,0,0,0,0,0,0,14,1204,185833
202399,246,22180, ,Fayetteville  NC ,2542,2542,523834,2,4,521,0,0,0,1,30,2999,1868,1868,431464,2,4,521,0,0,0,1,30,2999
202399,258,23060,C,Fort Wayne  IN ,1680,1680,562644,22,44,4785,2,6,600,35,706,93137,1680,1680,562644,22,44,4785,2,6,600,35,706,93137
202399,260,23420,C,Fresno  CA ,2376,2376,792401,1,2,348,4,12,1200,71,764,131234,2245,2245,736381,1,2,348,4,12,1200,71,764,131234
202399,260,25260, ,Hanford-Corcoran  CA ,573,573,178183,5,10,1911,7,24,4802,12,140,15223,475,475,147149,4,8,1414,4,15,2501,12,140,15223
202399,260,31460, ,Madera  CA ,1109,1109,342730,0,0,0,0,0,0,0,0,0,1109,1109,342730,0,0,0,0,0,0,0,0,0
202399,264,23540, ,Gainesville  FL ,1247,1247,366260,2,4,384,2,7,699,6,687,72757,1147,1147,334939,2,4,384,2,7,699,6,687,72757
202399,266,24340, ,Grand Rapids-Kentwood  MI ,2405,2405,805799,43,86,16594,42,161,29610,46,951,183068,2252,2252,763145,30,60,10984,40,155,28334,22,698,145956
202399,266,34740, ,Muskegon  MI ,308,308,86020,2,4,1000,0,0,0,0,0,0,287,287,81997,2,4,1000,0,0,0,0,0,0
202399,267,24580, ,Green Bay  WI ,578,578,232580,109,218,40848,1,4,70,14,193,23294,578,578,232580,109,218,40848,1,4,70,14,193,23294
202399,268,15500, ,Burlington  NC ,1641,1641,261493,3,6,385,0,0,0,29,1083,92746,1641,1641,261493,3,6,385,0,0,0,29,1083,92746
202399,268,24660,C,Greensboro-High Point  NC ,2368,2368,622017,20,40,5086,0,0,0,35,1099,177698,2368,2368,622017,20,40,5086,0,0,0,35,1099,177698
202399,268,49180, ,Winston-Salem  NC ,3567,3567,994790,5,10,2056,1,3,276,60,1494,171407,3297,3297,933039,5,10,2056,0,0,0,48,1434,169041
202399,272,24780, ,Greenville  NC ,950,950,187618,20,40,5779,0,0,0,14,384,45172,903,903,178218,20,40,5779,0,0,0,14,384,45172
202399,273,24860, ,Greenville-Anderson  SC ,6685,6685,2043933,198,396,42243,38,140,12539,27,463,88603,6670,6670,2040927,198,396,42243,38,140,12539,27,463,88603
202399,273,43900, ,Spartanburg  SC ,2824,2824,523852,1,2,485,0,0,0,3,41,4918,469,469,116955,1,2,485,0,0,0,0,0,0
202399,276,23900,C,Gettysburg  PA ,338,338,84253,0,0,0,0,0,0,0,0,0,338,338,84253,0,0,0,0,0,0,0,0,0
202399,276,25420,C,Harrisburg-Carlisle  PA ,1213,1213,320646,10,20,1741,13,50,8943,37,581,72643,1124,1124,294800,10,20,1741,13,50,8943,37,581,72643
202399,276,30140, ,Lebanon  PA ,216,216,32110,2,4,526,0,0,0,2,39,5930,202,202,29071,2,4,526,0,0,0,1,34,5413
202399,276,49620, ,York-Hanover  PA ,983,983,278939,7,14,2352,6,24,5060,17,146,20673,925,925,261318,7,14,2352,6,24,5060,17,146,20673
202399,277,25500,C,Harrisonburg  VA ,500,500,117381,31,62,9618,1,4,550,5,29,3475,500,500,117381,31,62,9618,1,4,550,4,24,2992
202399,277,44420, ,Staunton  VA ,415,415,105317,3,6,604,1,3,130,7,181,27722,415,415,105317,3,6,604,1,3,130,7,181,27722
202399,278,25540,C,Hartford-East Hartford-Middletown  CT ,670,670,192138,10,20,4023,10,39,5910,63,1385,202540,596,596,174366,10,20,4023,10,39,5910,63,1385,202540
202399,278,35980, ,Norwich-New London  CT ,223,223,71272,3,6,1191,0,0,0,1,123,17954,168,168,54816,3,6,1191,0,0,0,1,123,17954
202399,279,25620, ,Hattiesburg  MS ,131,131,26466,1,2,280,0,0,0,3,36,4300,76,76,14235,1,2,280,0,0,0,3,36,4300
202399,284,26300, ,Hot Springs  AR ,78,78,27814,3,6,720,0,0,0,0,0,0,78,78,27814,3,6,720,0,0,0,0,0,0
202399,288,26420, ,Houston-The Woodlands-Sugar Land  TX ,50444,50444,13208461,893,1786,282039,10,34,4457,527,16491,2290083,49119,49119,12841531,893,1786,282039,10,34,4457,527,16491,2290083
202399,290,19460, ,Decatur  AL ,307,307,77748,0,0,0,3,12,540,0,0,0,307,307,77748,0,0,0,3,12,540,0,0,0
202399,290,26620,C,Huntsville  AL ,3908,3908,813859,45,90,14325,1,4,510,40,1938,304302,2359,2359,437272,45,90,14325,1,4,510,40,1938,304302
202399,292,26820, ,Idaho Falls  ID ,857,857,173190,2,4,461,39,156,19147,20,791,90513,851,851,171728,2,4,461,39,156,19147,20,791,90513
202399,294,18020, ,Columbus  IN ,156,156,60116,0,0,0,0,0,0,0,0,0,156,156,60116,0,0,0,0,0,0,0,0,0
202399,294,26900, ,Indianapolis-Carmel-Anderson  IN ,7252,7252,2765473,101,202,42872,42,140,28435,160,4960,987916,7178,7178,2752403,101,202,42872,42,140,28435,159,4949,985345
202399,294,34620, ,Muncie  IN ,82,82,30978,0,0,0,0,0,0,0,0,0,59,59,24330,0,0,0,0,0,0,0,0,0
202399,296,27060, ,Ithaca  NY ,146,146,39306,4,8,1264,2,6,3153,12,183,34290,64,64,15631,2,4,650,2,6,3153,6,153,29196
202399,297,27180, ,Jackson  TN ,428,428,103723,3,6,618,0,0,0,0,0,0,158,158,42008,3,6,618,0,0,0,0,0,0
202399,298,27140, ,Jackson  MS ,1132,1132,297249,0,0,0,2,7,631,8,62,8016,1016,1016,270182,0,0,0,1,4,500,8,62,8016
202399,300,27260,C,Jacksonville  FL ,12479,12479,3324448,149,298,40394,34,135,8281,190,7414,1086199,12420,12420,3298319,149,298,40394,34,135,8281,190,7414,1086199
202399,304,27740, ,Johnson City  TN ,765,765,223292,26,52,6195,4,13,1774,11,214,34714,616,616,202856,26,52,6195,4,13,1774,11,214,34714
202399,304,28700, ,Kingsport-Bristol  TN-VA ,748,748,198608,2,4,630,2,6,692,8,40,2339,598,598,181435,2,4,630,0,0,0,0,0,0
202399,306,27780, ,Johnstown  PA ,44,44,16319,0,0,0,1,3,213,0,0,0,40,40,15269,0,0,0,1,3,213,0,0,0
202399,308,27860, ,Jonesboro  AR ,615,615,96793,55,110,7859,59,199,10234,16,103,5705,128,128,23179,9,18,1531,3,10,500,1,6,200
202399,309,27900, ,Joplin  MO ,529,529,100409,47,94,11773,13,52,2523,14,122,12305,456,456,90258,47,94,11773,13,52,2523,4,72,9815
202399,310,12980, ,Battle Creek  MI ,131,131,26339,0,0,0,0,0,0,0,0,0,120,120,23656,0,0,0,0,0,0,0,0,0
202399,310,28020, ,Kalamazoo-Portage  MI ,409,409,116712,1,2,501,2,7,1840,6,300,34590,403,403,113340,1,2,501,2,7,1840,6,300,34590
202399,312,28140, ,Kansas City  MO-KS ,4299,4299,1510752,139,278,54919,54,204,44407,60,2733,469898,4130,4130,1456118,139,278,54919,54,204,44407,60,2733,469898
202399,312,29940, ,Lawrence  KS ,191,191,60908,8,16,2805,1,4,320,1,12,1500,184,184,59025,6,12,2412,1,4,320,1,12,1500
202399,312,41140, ,St. Joseph  MO-KS ,75,75,18789,1,2,350,0,0,0,3,20,2700,37,37,10786,1,2,350,0,0,0,3,20,2700
202399,313,28420,C,Kennewick-Richland  WA ,1090,1090,375752,8,16,4234,28,108,13732,29,845,123540,810,810,293112,6,12,3642,25,99,12176,20,718,109409
202399,313,47460, ,Walla Walla  WA ,177,177,52477,17,34,5823,0,0,0,6,64,9651,170,170,51777,17,34,5823,0,0,0,6,64,9651
202399,315,28940, ,Knoxville  TN ,4218,4218,1222360,46,92,17342,38,132,23731,67,1959,380238,3936,3936,1159269,46,92,17342,38,132,23731,54,1778,363383
202399,315,34100, ,Morristown  TN ,685,685,195469,6,12,760,28,103,9810,1,32,5250,606,606,181149,5,10,640,28,103,9810,1,32,5250
202399,316,29020, ,Kokomo  IN ,114,114,33317,12,24,6206,0,0,0,0,0,0,97,97,28122,12,24,6206,0,0,0,0,0,0
202399,318,29180, ,Lafayette  LA ,2008,2008,457349,0,0,0,0,0,0,28,378,43162,1757,1757,403393,0,0,0,0,0,0,28,378,43162
202399,320,29200, ,Lafayette-West Lafayette  IN ,506,506,186413,1,2,210,0,0,0,30,1585,239058,497,497,185188,0,0,0,0,0,0,17,1225,198573
202399,324,29340, ,Lake Charles  LA ,576,576,124133,12,24,2768,0,0,0,11,432,85795,576,576,124133,12,24,2768,0,0,0,11,432,85795
202399,332,29820,C,Las Vegas-Henderson-Paradise  NV ,10087,10087,2988131,20,40,6544,57,210,32928,94,2736,459038,10080,10080,2984984,20,40,6544,57,210,32928,94,2736,459038
202399,336,30460,C,Lexington-Fayette  KY ,1319,1319,357996,10,20,3354,15,50,8493,42,1053,100633,664,664,213227,7,14,2516,4,15,3364,17,217,18100
202399,338,30620, ,Lima  OH ,71,71,18513,3,6,720,0,0,0,0,0,0,37,37,10709,3,6,720,0,0,0,0,0,0
202399,339,30700, ,Lincoln  NE ,849,849,282728,3,6,1314,6,23,2816,45,1259,198834,827,827,278128,3,6,1314,6,23,2816,45,1259,198834
202399,340,30780, ,Little Rock-North Little Rock-Conway  AR ,1932,1932,490641,47,94,9217,14,53,5948,38,585,61360,1903,1903,486131,47,94,9217,14,53,5948,38,585,61360
202399,340,38220, ,Pine Bluff  AR ,43,43,7983,3,6,560,0,0,0,4,48,9865,30,30,5640,3,6,560,0,0,0,4,48,9865
202399,348,31080,C,Los Angeles-Long Beach-Anaheim  CA ,12035,12035,3432500,746,1492,355887,174,586,215981,483,16654,3102371,11135,11135,3161138,706,1412,332880,163,553,209092,419,16047,3002875
202399,348,37100, ,Oxnard-Thousand Oaks-Ventura  CA ,400,400,128379,0,0,0,28,91,20843,30,672,105943,288,288,90626,0,0,0,27,88,20370,20,563,94356
202399,348,40140, ,Riverside-San Bernardino-Ontario  CA ,12463,12463,3587168,104,208,27699,68,249,49416,606,7348,973695,11749,11749,3406786,104,208,27699,68,249,49416,603,7309,968839
202399,350,21060, ,Elizabethtown-Fort Knox  KY ,537,537,125303,61,122,14999,52,203,25342,38,995,110520,534,534,124549,61,122,14999,52,203,25342,38,995,110520
202399,350,31140, ,Louisville-Jefferson County  KY-IN ,2914,2914,902352,49,98,16694,13,47,6666,127,3672,517432,2708,2708,848350,48,96,16213,12,44,6233,123,3557,475055
202399,352,31180, ,Lubbock  TX ,1952,1952,468636,13,26,2811,0,0,0,49,536,58356,1939,1939,466320,11,22,2223,0,0,0,49,536,58356
202399,356,31420, ,Macon-Bibb County  GA ,547,547,141140,0,0,0,0,0,0,4,20,3433,137,137,35344,0,0,0,0,0,0,4,20,3433
202399,356,47580, ,Warner Robins  GA ,1167,1167,314524,1,2,117,0,0,0,20,676,79374,951,951,268735,1,2,117,0,0,0,20,676,79374
202399,357,27500, ,Janesville-Beloit  WI ,223,223,61930,29,58,12645,0,0,0,4,32,8000,223,223,61930,29,58,12645,0,0,0,4,32,8000
202399,357,31540, ,Madison  WI ,1534,1534,677548,102,204,55919,24,95,33562,69,3528,529020,1519,1519,672566,100,200,54701,24,95,33562,68,3517,527288
202399,359,31860, ,Mankato  MN ,156,156,49102,1,2,200,0,0,0,13,403,57428,135,135,40766,1,2,200,0,0,0,13,403,57428
202399,360,31900, ,Mansfield  OH ,110,110,37108,5,10,1448,4,12,1143,0,0,0,85,85,29157,2,4,715,0,0,0,0,0,0
202399,365,32580,C,McAllen-Edinburg-Mission  TX ,4143,4143,998643,235,470,31815,421,1659,167237,96,627,62028,3938,3938,963735,222,444,29343,393,1551,156709,95,609,60937
202399,366,24420, ,Grants Pass  OR ,172,172,43996,5,10,2469,3,11,1977,2,16,3150,148,148,39175,5,10,2469,3,11,1977,2,16,3150
202399,366,32780, ,Medford  OR ,653,653,210550,7,14,2400,14,49,8035,59,668,105879,608,608,203433,7,14,2400,10,37,7267,50,623,100795
202399,368,32820, ,Memphis  TN-MS-AR ,3062,3062,838853,2,4,1159,3,12,3427,23,980,145856,2861,2861,800837,2,4,1159,3,12,3427,23,980,145856
202399,370,33100, ,Miami-Fort Lauderdale-Pompano Beach  FL ,5512,5512,2479709,205,410,100458,44,171,35225,395,15227,3364913,4993,4993,2271308,205,410,100458,43,168,34078,360,14777,3322747
202399,370,38940, ,Port St. Lucie  FL ,5405,5405,1585074,110,220,31568,2,6,361,58,506,105526,5399,5399,1584361,109,218,30627,0,0,0,57,471,101609
202399,370,42680, ,Sebastian-Vero Beach  FL ,1215,1215,546780,26,52,10328,3,9,606,8,380,54099,783,783,364305,23,46,9419,0,0,0,8,380,54099
202399,372,33260, ,Midland  TX ,810,810,204721,0,0,0,2,8,550,0,0,0,810,810,204721,0,0,0,2,8,550,0,0,0
202399,372,36220,C,Odessa  TX ,690,690,197000,0,0,0,0,0,0,0,0,0,690,690,197000,0,0,0,0,0,0,0,0,0
202399,376,33340,C,Milwaukee-Waukesha  WI ,1408,1408,653521,135,270,65395,3,12,2504,44,1154,193701,1388,1388,647721,129,258,62938,3,12,2504,44,1154,193701
202399,376,39540, ,Racine  WI ,156,156,69063,3,6,1025,0,0,0,7,362,113500,155,155,68751,0,0,0,0,0,0,7,362,113500
202399,378,33460, ,Minneapolis-St. Paul-Bloomington  MN-WI ,8245,8245,2984602,86,172,33561,47,176,41562,186,10040,1950120,8144,8144,2949265,86,172,33561,47,176,41562,183,9935,1932429
202399,378,41060, ,St. Cloud  MN ,427,427,125149,3,6,770,1,4,800,8,244,30700,380,380,109455,3,6,770,1,4,800,8,244,30700
202399,380,19300, ,Daphne-Fairhope-Foley  AL ,3316,3316,1025069,8,16,2438,4,16,3482,61,1015,138604,3232,3232,1010428,8,16,2438,4,16,3482,61,1015,138604
202399,380,33660, ,Mobile  AL ,851,851,226539,1,2,123,2,8,900,2,56,13611,815,815,217611,1,2,123,2,8,900,2,56,13611
202399,384,33740, ,Monroe  LA ,294,294,76233,21,42,4033,1,3,399,5,78,4400,154,154,41199,10,20,965,0,0,0,5,78,4400
202399,388,33860, ,Montgomery  AL ,740,740,202622,0,0,0,0,0,0,3,104,16920,740,740,202622,0,0,0,0,0,0,3,104,16920
202399,390,34060, ,Morgantown  WV ,17,17,4191,0,0,0,0,0,0,0,0,0,7,7,2486,0,0,0,0,0,0,0,0,0
202399,396,34820, ,Myrtle Beach-Conway-North Myrtle Beach  SC-NC ,11228,11228,2537343,39,78,7219,23,81,19769,88,1789,209874,11161,11161,2514809,39,78,7219,21,75,18415,75,1718,206324
202399,400,34980, ,Nashville-Davidson--Murfreesboro--Franklin  TN ,13842,13842,4492107,33,66,11559,19,73,9653,250,9577,1388231,13576,13576,4437599,33,66,11559,19,73,9653,245,9532,1382763
202399,404,35100, ,New Bern  NC ,538,538,126663,1,2,100,0,0,0,0,0,0,538,538,126663,1,2,100,0,0,0,0,0,0
202399,406,25220, ,Hammond  LA ,726,726,128856,2,4,250,0,0,0,13,483,45981,648,648,115285,1,2,150,0,0,0,0,0,0
202399,406,35380, ,New Orleans-Metairie  LA ,1865,1865,576009,251,502,66853,3,9,1000,21,696,157478,1751,1751,549517,251,502,66853,3,9,1000,21,696,157478
202399,408,14860,C,Bridgeport-Stamford-Norwalk  CT ,441,441,421180,22,44,6795,6,20,2846,25,1022,164716,426,426,403720,22,44,6795,6,20,2846,25,1022,164716
202399,408,20700, ,East Stroudsburg  PA ,222,222,79664,0,0,0,0,0,0,0,0,0,218,218,78418,0,0,0,0,0,0,0,0,0
202399,408,28740, ,Kingston  NY ,248,248,90992,2,4,605,1,4,562,5,88,8902,217,217,81051,2,4,605,1,4,562,5,88,8902
202399,408,35300, ,New Haven-Milford  CT ,423,423,124564,22,44,9391,24,87,16067,51,1380,118114,356,356,113549,22,44,9391,24,87,16067,37,1284,111958
202399,408,35620,C,New York-Newark-Jersey City  NY-NJ-PA ,11734,11734,3640612,947,1894,265756,256,841,113951,1319,48561,7138757,9617,9617,3134711,806,1612,234772,186,623,93774,856,43227,6384598
202399,408,39100, ,Poughkeepsie-Newburgh-Middletown  NY ,756,756,307329,19,38,6472,10,36,12414,81,1400,312986,579,579,223696,19,38,6472,10,36,12414,76,1375,309630
202399,408,45940,C,Trenton-Princeton  NJ ,402,402,85693,4,8,1437,0,0,0,36,559,39903,343,343,78896,4,8,1437,0,0,0,24,450,33779
202399,412,35840,C,North Port-Sarasota-Bradenton  FL ,10495,10495,3306585,60,120,21342,19,75,28180,159,5238,956349,10495,10495,3306585,60,120,21342,19,75,28180,159,5238,956349
202399,412,39460, ,Punta Gorda  FL ,3804,3804,1153867,142,284,48602,29,111,30198,18,230,47437,3804,3804,1153867,142,284,48602,29,111,30198,18,230,47437
202399,416,36420,C,Oklahoma City  OK ,5573,5573,1722550,278,556,75818,56,200,28343,37,407,37088,5409,5409,1690128,278,556,75818,56,200,28343,37,407,37088
202399,420,36540, ,Omaha-Council Bluffs  NE-IA ,2763,2763,602649,15,30,4596,9,34,6298,84,1892,132794,2729,2729,593260,15,30,4596,9,34,6298,83,1887,132164
202399,422,19660, ,Deltona-Daytona Beach-Ormond Beach  FL ,5343,5343,1854909,148,296,50109,25,97,11873,29,1346,162094,4749,4749,1666848,147,294,49594,25,97,11873,28,1341,160909
202399,422,29460, ,Lakeland-Winter Haven  FL ,9209,9209,2544848,62,124,13123,3,11,1622,146,3169,435120,8494,8494,2373735,62,124,13123,3,11,1622,146,3169,435120
202399,422,36740, ,Orlando-Kissimmee-Sanford  FL ,17049,17049,5170292,46,92,14832,15,54,13002,183,8220,1079769,15164,15164,4600998,46,92,14832,15,54,13002,148,7575,1027855
202399,422,45540,C,The Villages  FL ,3339,3339,814317,0,0,0,0,0,0,0,0,0,3329,3329,812417,0,0,0,0,0,0,0,0,0
202399,425,37620, ,Parkersburg-Vienna  WV ,96,96,20987,0,0,0,0,0,0,0,0,0,84,84,19163,0,0,0,0,0,0,0,0,0
202399,426,37860,C,Pensacola-Ferry Pass-Brent  FL ,2797,2797,784328,6,12,1563,3,9,1052,1,5,150,2797,2797,784328,6,12,1563,3,9,1052,1,5,150
202399,428,12100,C,Atlantic City-Hammonton  NJ ,299,299,107920,22,44,8923,0,0,0,6,40,4980,257,257,93058,21,42,8500,0,0,0,0,0,0
202399,428,20100,C,Dover  DE ,879,879,143161,14,28,4464,0,0,0,10,198,17345,878,878,142811,14,28,4464,0,0,0,10,198,17345
202399,428,36140,C,Ocean City  NJ ,548,548,227144,80,160,32182,22,75,8582,4,20,1602,521,521,219893,79,158,31997,20,69,7564,4,20,1602
202399,428,37980,C,Philadelphia-Camden-Wilmington  PA-NJ-DE-MD ,6255,6255,1571369,109,218,35263,124,420,50739,233,5126,645624,5577,5577,1482020,107,214,35241,104,354,43506,179,4759,610724
202399,428,39740, ,Reading  PA ,231,231,66632,6,12,1089,1,4,300,5,105,9224,225,225,64875,6,12,1089,1,4,300,5,105,9224
202399,428,47220,C,Vineland-Bridgeton  NJ ,103,103,14699,0,0,0,0,0,0,0,0,0,97,97,14214,0,0,0,0,0,0,0,0,0
202399,429,38060,C,Phoenix-Mesa-Chandler  AZ ,24708,24708,7184086,865,1730,222292,38,142,36112,542,19036,2879631,23434,23434,6851519,848,1696,216874,38,142,36112,525,17603,2629879
202399,430,38300, ,Pittsburgh  PA ,3332,3332,1066197,8,16,2305,30,115,21305,51,2831,273311,3060,3060,991847,7,14,1755,30,115,21305,41,2781,266167
202399,430,48260, ,Weirton-Steubenville  WV-OH ,14,14,4555,1,2,250,0,0,0,0,0,0,14,14,4555,1,2,250,0,0,0,0,0,0
202399,438,30340, ,Lewiston-Auburn  ME ,250,250,57498,8,16,3128,0,0,0,7,81,11000,192,192,42546,4,8,2046,0,0,0,7,81,11000
202399,438,38860, ,Portland-South Portland  ME ,1905,1905,685262,73,146,27237,22,72,11816,61,949,115195,1328,1328,544347,69,138,26154,13,45,8532,30,700,100289
202399,440,10540, ,Albany-Lebanon  OR ,239,239,71750,26,52,12079,2,7,1242,9,79,12078,239,239,71750,26,52,12079,2,7,1242,9,79,12078
202399,440,18700, ,Corvallis  OR ,128,128,45824,7,14,4503,1,4,918,12,258,39169,128,128,45824,7,14,4503,1,4,918,12,258,39169
202399,440,31020, ,Longview  WA ,288,288,95260,8,16,3933,1,4,546,0,0,0,283,283,93992,8,16,3933,0,0,0,0,0,0
202399,440,38900, ,Portland-Vancouver-Hillsboro  OR-WA ,6326,6326,2492138,61,122,21955,36,130,26364,169,4804,751126,5538,5538,1942584,61,122,21955,36,130,26364,152,4500,707958
202399,440,41420, ,Salem  OR ,826,826,253573,37,74,18430,3,12,2074,83,1054,157886,791,791,243902,36,72,17930,3,12,2074,83,1054,157886
202399,444,39380,C,Pueblo  CO ,297,297,51575,0,0,0,0,0,0,0,0,0,297,297,51575,0,0,0,0,0,0,0,0,0
202399,450,20500,C,Durham-Chapel Hill  NC ,3127,3127,1079965,43,86,12629,2,6,984,83,3991,687467,2300,2300,796835,26,52,7915,0,0,0,60,2944,500559
202399,450,39580,C,Raleigh-Cary  NC ,12147,12147,3252468,41,82,19705,1,3,429,169,8387,1204354,12110,12110,3238461,41,82,19705,1,3,429,169,8387,1204354
202399,452,39660, ,Rapid City  SD ,511,511,167243,13,26,3396,15,60,9140,38,977,126300,511,511,167243,13,26,3396,15,60,9140,38,977,126300
202399,454,39820, ,Redding  CA ,208,208,69528,0,0,0,0,0,0,0,0,0,106,106,40184,0,0,0,0,0,0,0,0,0
202399,456,16180,C,Carson City  NV ,153,153,40389,0,0,0,3,9,1146,13,80,7988,0,0,0,0,0,0,0,0,0,0,0,0
202399,456,39900,C,Reno  NV ,1992,1992,550671,55,110,15358,21,73,10486,117,2096,265619,425,425,107458,32,64,10543,6,24,4023,1,15,1181
202399,462,40340, ,Rochester  MN ,604,604,198907,2,4,635,2,7,1705,7,559,87327,521,521,180426,2,4,635,2,7,1705,7,559,87327
202399,464,40380, ,Rochester  NY ,906,906,312363,23,46,9056,36,129,8270,52,642,69806,788,788,286993,23,46,9056,33,120,7400,37,537,57756
202399,466,40420, ,Rockford  IL ,179,179,41995,6,12,3540,3,9,1386,0,0,0,164,164,38654,6,12,3540,3,9,1386,0,0,0
202399,468,40580, ,Rocky Mount  NC ,584,584,123782,0,0,0,0,0,0,3,30,3266,531,531,115289,0,0,0,0,0,0,3,30,3266
202399,472,40900,C,Sacramento-Roseville-Folsom  CA ,7931,7931,2694210,94,188,25375,4,13,3212,156,3809,672749,7854,7854,2673640,94,188,25375,4,13,3212,156,3809,672749
202399,472,49700, ,Yuba City  CA ,589,589,189530,10,20,1700,0,0,0,0,0,0,545,545,170205,10,20,1700,0,0,0,0,0,0
202399,474,13020, ,Bay City  MI ,38,38,10848,0,0,0,0,0,0,0,0,0,25,25,7427,0,0,0,0,0,0,0,0,0
202399,474,33220, ,Midland  MI ,102,102,28520,2,4,542,0,0,0,3,50,8853,97,97,26712,2,4,542,0,0,0,3,50,8853
202399,474,40980, ,Saginaw  MI ,138,138,32740,20,40,7434,3,12,1908,0,0,0,119,119,28087,20,40,7434,3,12,1908,0,0,0
202399,476,41180, ,St. Louis  MO-IL ,4599,4599,1711916,40,80,15503,38,146,25700,92,2282,321684,4433,4433,1674312,39,78,15473,38,146,25700,72,2164,304036
202399,480,41540, ,Salisbury  MD-DE ,4177,4177,682351,45,90,14914,5,20,2128,42,607,74885,4174,4174,682070,45,90,14914,5,20,2128,42,607,74885
202399,482,36260, ,Ogden-Clearfield  UT ,1871,1871,599467,1,2,300,43,156,30118,97,1371,216516,1402,1402,469356,1,2,300,28,106,21107,72,904,148117
202399,482,39340, ,Provo-Orem  UT ,4663,4663,1492637,19,38,9517,36,134,27108,78,1346,278638,4617,4617,1447031,18,36,8847,36,134,27108,78,1346,278638
202399,482,41620, ,Salt Lake City  UT ,3163,3163,1066821,48,96,16093,80,294,62651,176,5682,1050062,2958,2958,1008382,24,48,10817,68,258,55682,126,3014,684760
202399,484,41700,C,San Antonio-New Braunfels  TX ,8718,8718,2349245,240,480,66291,11,39,9884,260,7248,953156,7797,7797,2154639,235,470,65018,11,39,9884,250,7089,933619
202399,488,32900, ,Merced  CA ,403,403,120964,0,0,0,1,3,620,0,0,0,284,284,83973,0,0,0,1,3,620,0,0,0
202399,488,33700, ,Modesto  CA ,716,716,147344,2,4,477,2,6,664,7,84,16672,665,665,141428,2,4,477,2,6,664,7,84,16672
202399,488,34900, ,Napa  CA ,281,281,125517,0,0,0,0,0,0,3,50,11000,281,281,125517,0,0,0,0,0,0,3,50,11000
202399,488,41860,C,San Francisco-Oakland-Berkeley  CA ,3015,3015,1189026,35,70,21556,27,93,26853,144,4352,1229537,2906,2906,1124173,31,62,19259,27,93,26853,116,4204,1206835
202399,488,41940,C,San Jose-Sunnyvale-Santa Clara  CA ,2037,2037,811040,18,36,7564,6,23,1431,70,4131,791783,2037,2037,811040,18,36,7564,6,23,1431,70,4131,791783
202399,488,42100, ,Santa Cruz-Watsonville  CA ,242,242,39026,5,10,4412,3,10,3666,9,278,38189,214,214,34511,3,6,2511,2,7,2314,3,245,34831
202399,488,42220, ,Santa Rosa-Petaluma  CA ,1020,1020,294692,0,0,0,4,12,4700,53,1321,291212,853,853,261401,0,0,0,4,12,4700,40,1256,280379
202399,488,44700, ,Stockton  CA ,2167,2167,837755,0,0,0,1,3,527,0,0,0,2167,2167,837755,0,0,0,1,3,527,0,0,0
202399,488,46700, ,Vallejo  CA ,938,938,220131,0,0,0,0,0,0,30,476,87034,927,927,217300,0,0,0,0,0,0,30,476,87034
202399,496,25980, ,Hinesville  GA ,707,707,180102,2,4,375,0,0,0,0,0,0,422,422,112319,2,4,375,0,0,0,0,0,0
202399,496,42340, ,Savannah  GA ,2620,2620,675284,8,16,2633,0,0,0,47,752,105258,2525,2525,651067,7,14,2520,0,0,0,47,752,105258
202399,500,14740,C,Bremerton-Silverdale-Port Orchard  WA ,1006,1006,383345,1,2,503,1,4,653,58,1246,171496,1006,1006,383345,1,2,503,1,4,653,58,1246,171496
202399,500,34580, ,Mount Vernon-Anacortes  WA ,165,165,54839,5,10,4350,2,7,1379,17,304,33018,165,165,54839,4,8,4111,1,4,942,3,79,12018
202399,500,36500, ,Olympia-Lacey-Tumwater  WA ,816,816,236816,5,10,2326,6,19,4894,25,667,86839,816,816,236816,5,10,2326,6,19,4894,25,667,86839
202399,500,42660,C,Seattle-Tacoma-Bellevue  WA ,6296,6296,2568363,382,764,201898,154,528,116831,228,9635,1518965,5983,5983,2449289,382,764,201898,154,528,116831,216,9419,1492807
202399,508,43340,C,Shreveport-Bossier City  LA ,965,965,247417,4,8,897,1,3,298,1,7,1138,965,965,247417,4,8,897,1,3,298,1,7,1138
202399,515,21140, ,Elkhart-Goshen  IN ,279,279,95691,0,0,0,2,8,2300,0,0,0,275,275,94545,0,0,0,2,8,2300,0,0,0
202399,515,35660, ,Niles  MI ,303,303,129100,0,0,0,1,4,1350,1,48,8500,276,276,121048,0,0,0,1,4,1350,1,48,8500
202399,515,43780, ,South Bend-Mishawaka  IN-MI ,364,364,171032,20,40,8366,0,0,0,3,18,3687,353,353,167657,20,40,8366,0,0,0,3,18,3687
202399,518,17660, ,Coeur dAlene  ID ,1406,1406,518778,32,64,17130,7,22,8617,38,551,80717,1200,1200,467237,27,54,15210,2,7,2333,24,401,64450
202399,518,44060, ,Spokane-Spokane Valley  WA ,1706,1706,488624,108,216,53216,19,70,16187,78,1911,259847,1637,1637,471807,107,214,52854,19,70,16187,76,1865,255811
202399,522,44100, ,Springfield  IL ,163,163,58666,15,30,4575,0,0,0,5,53,7346,146,146,52900,15,30,4575,0,0,0,4,48,6791
202399,524,44300, ,State College  PA ,316,316,96324,1,2,346,4,16,2800,2,10,1704,291,291,85866,1,2,346,4,16,2800,1,5,800
202399,532,45060, ,Syracuse  NY ,509,509,146968,2,4,691,1,3,380,5,127,21478,470,470,142082,2,4,691,1,3,380,5,127,21478
202399,534,45780, ,Toledo  OH ,789,789,242626,54,108,11920,0,0,0,22,442,45238,788,788,242351,54,108,11920,0,0,0,22,442,45238
202399,536,46060,C,Tucson  AZ ,3688,3688,1271480,69,138,17082,3,10,876,110,1419,217449,2815,2815,1046713,46,92,11614,3,10,876,57,636,99945
202399,538,46140,C,Tulsa  OK ,3393,3393,839124,46,92,12393,13,47,9527,51,1477,157727,3159,3159,794178,46,92,12393,13,47,9527,40,1380,150265
202399,540,46340, ,Tyler  TX ,468,468,129298,91,182,25647,25,90,13728,2,13,1792,443,443,122733,91,182,25647,25,90,13728,2,13,1792
202399,544,47020, ,Victoria  TX ,62,62,14979,0,0,0,7,28,2700,0,0,0,54,54,14662,0,0,0,7,28,2700,0,0,0
202399,545,47260, ,Virginia Beach-Norfolk-Newport News  VA-NC ,3393,3393,986640,11,22,3368,8,25,3950,60,2674,375621,3321,3321,975116,11,22,3368,8,25,3950,60,2674,375621
202399,548,12580,C,Baltimore-Columbia-Towson  MD ,3798,3798,864080,1,2,800,1,4,640,80,3735,567804,3798,3798,864080,1,2,800,1,4,640,80,3735,567804
202399,548,15680,C,California-Lexington Park  MD ,386,386,140913,0,0,0,0,0,0,0,0,0,386,386,140913,0,0,0,0,0,0,0,0,0
202399,548,16540,C,Chambersburg-Waynesboro  PA ,643,643,204840,12,24,4480,0,0,0,6,70,6425,643,643,204840,12,24,4480,0,0,0,6,70,6425
202399,548,25180, ,Hagerstown-Martinsburg  MD-WV ,1738,1738,370328,8,16,3870,0,0,0,0,0,0,1684,1684,359723,8,16,3870,0,0,0,0,0,0
202399,548,47900, ,Washington-Arlington-Alexandria  DC-VA-MD-WV ,10936,10936,3295358,40,80,13529,15,58,9986,223,12419,1704007,10857,10857,3276707,40,80,13529,15,58,9986,223,12419,1704007
202399,548,49020, ,Winchester  VA-WV ,1002,1002,244103,0,0,0,1,4,350,0,0,0,1002,1002,244103,0,0,0,1,4,350,0,0,0
202399,554,48140, ,Wausau-Weston  WI ,328,328,105446,7,14,1745,6,23,3191,5,205,26120,323,323,103744,7,14,1745,6,23,3191,5,205,26120
202399,556,48620, ,Wichita  KS ,1470,1470,502857,653,1306,172762,8,26,3100,33,731,105624,1407,1407,486041,653,1306,172762,8,26,3100,33,731,105624
202399,558,48700, ,Williamsport  PA ,57,57,18274,0,0,0,0,0,0,0,0,0,56,56,18011,0,0,0,0,0,0,0,0,0
202399,566,49660, ,Youngstown-Warren-Boardman  OH-PA ,282,282,76513,0,0,0,2,8,2369,0,0,0,277,277,75183,0,0,0,2,8,2369,0,0,0
202399,999,10180, ,Abilene  TX ,342,342,92755,28,56,6407,0,0,0,9,64,8500,342,342,92755,28,56,6407,0,0,0,9,64,8500
202399,999,10500, ,Albany  GA ,162,162,27117,1,2,21,1,4,220,3,15,1662,137,137,19563,1,2,21,1,4,220,0,0,0
202399,999,10780, ,Alexandria  LA ,223,223,54804,9,18,1305,0,0,0,0,0,0,107,107,25681,0,0,0,0,0,0,0,0,0
202399,999,10900, ,Allentown-Bethlehem-Easton  PA-NJ ,1329,1329,330171,12,24,3217,1,4,350,21,378,54864,1253,1253,318682,12,24,3217,1,4,350,21,378,54864
202399,999,11260,C,Anchorage  AK ,338,338,124295,11,22,4541,2,8,1079,3,89,10717,338,338,124295,11,22,4541,2,8,1079,3,89,10717
202399,999,11500, ,Anniston-Oxford  AL ,62,62,12138,1,2,100,0,0,0,0,0,0,62,62,12138,1,2,100,0,0,0,0,0,0
202399,999,12260, ,Augusta-Richmond County  GA-SC ,3380,3380,867106,7,14,2415,10,33,4679,9,132,25413,2399,2399,673373,7,14,2415,10,33,4679,9,132,25413
202399,999,12420, ,Austin-Round Rock-Georgetown  TX ,16532,16532,4820960,122,244,28807,66,244,26091,445,21753,1959922,13914,13914,4248807,120,240,28414,65,241,25758,445,21753,1959922
202399,999,12540, ,Bakersfield  CA ,2246,2246,595588,27,54,3242,5,15,5132,17,136,19114,833,833,186882,26,52,2869,3,9,440,7,84,12558
202399,999,12620, ,Bangor  ME ,335,335,73735,9,18,2824,2,8,946,6,43,4815,225,225,52676,7,14,2295,2,8,946,6,43,4815
202399,999,12940, ,Baton Rouge  LA ,3013,3013,756249,2,4,274,0,0,0,11,264,26998,1314,1314,344821,2,4,274,0,0,0,11,264,26998
202399,999,13140, ,Beaumont-Port Arthur  TX ,1007,1007,259381,10,20,2524,2,8,829,17,146,15795,890,890,234919,10,20,2524,2,8,829,17,146,15795
202399,999,13220,C,Beckley  WV ,91,91,21033,0,0,0,0,0,0,0,0,0,91,91,21033,0,0,0,0,0,0,0,0,0
202399,999,13380, ,Bellingham  WA ,571,571,161824,3,6,1783,7,25,5108,7,292,38759,499,499,139671,3,6,1783,6,22,4284,7,292,38759
202399,999,13740, ,Billings  MT ,343,343,121104,3,6,938,0,0,0,0,0,0,324,324,118847,3,6,938,0,0,0,0,0,0
202399,999,13780, ,Binghamton  NY ,120,120,26339,0,0,0,1,4,165,31,214,21724,68,68,14855,0,0,0,1,4,165,0,0,0
202399,999,13900, ,Bismarck  ND ,199,199,75862,37,74,17510,5,20,3840,1,5,744,195,195,74715,37,74,17510,5,20,3840,0,0,0
202399,999,13980, ,Blacksburg-Christiansburg  VA ,481,481,125358,1,2,300,2,6,2280,0,0,0,473,473,123440,1,2,300,2,6,2280,0,0,0
202399,999,15260, ,Brunswick  GA ,562,562,221284,34,68,7273,17,64,12140,3,92,11032,366,366,155105,24,48,4863,14,53,9510,0,0,0
202399,999,16060, ,Carbondale-Marion  IL ,72,72,18630,2,4,285,14,51,3748,1,8,600,47,47,15045,0,0,0,3,12,700,1,8,600
202399,999,16220,C,Casper  WY ,206,206,34653,0,0,0,3,12,2469,0,0,0,203,203,34241,0,0,0,3,12,2469,0,0,0
202399,999,16580, ,Champaign-Urbana  IL ,245,245,75543,7,14,2241,1,3,865,9,347,53095,245,245,75543,7,14,2241,1,3,865,9,347,53095
202399,999,16700,C,Charleston-North Charleston  SC ,6184,6184,2171256,41,82,7294,78,234,8415,211,2073,156740,4145,4145,1693167,41,82,7294,78,234,8415,173,978,68356
202399,999,16820, ,Charlottesville  VA ,899,899,323994,2,4,320,5,15,1188,27,391,36025,271,271,87461,1,2,200,0,0,0,7,144,5060
202399,999,16940, ,Cheyenne  WY ,165,165,40651,7,14,1955,26,100,11682,1,8,863,165,165,40651,7,14,1955,26,100,11682,1,8,863
202399,999,17020, ,Chico  CA ,691,691,135739,10,20,2754,4,16,1567,12,202,25945,567,567,113830,10,20,2754,4,16,1567,12,202,25945
202399,999,17300,C,Clarksville  TN-KY ,1385,1385,296240,46,92,11560,37,134,14635,94,1328,113175,1380,1380,295835,46,92,11560,37,134,14635,94,1328,113175
202399,999,17780, ,College Station-Bryan  TX ,1155,1155,272077,15,30,2137,0,0,0,12,277,44824,1155,1155,272077,15,30,2137,0,0,0,12,277,44824
202399,999,17820,C,Colorado Springs  CO ,2670,2670,1209236,121,242,38956,2,6,1009,69,2359,463849,2670,2670,1209236,121,242,38956,2,6,1009,69,2359,463849
202399,999,18880,C,Crestview-Fort Walton Beach-Destin  FL ,2814,2814,1357124,26,52,11337,5,20,3453,97,2710,410847,2814,2814,1357124,26,52,11337,5,20,3453,97,2710,410847
202399,999,19060, ,Cumberland  MD-WV ,57,57,16523,2,4,150,3,11,390,0,0,0,57,57,16523,2,4,150,3,11,390,0,0,0
202399,999,19180, ,Danville  IL ,8,8,2159,0,0,0,0,0,0,0,0,0,6,6,1576,0,0,0,0,0,0,0,0,0
202399,999,19500, ,Decatur  IL ,34,34,11899,0,0,0,0,0,0,0,0,0,34,34,11899,0,0,0,0,0,0,0,0,0
202399,999,20220, ,Dubuque  IA ,127,127,58836,6,12,2955,0,0,0,3,56,6502,127,127,58836,6,12,2955,0,0,0,3,56,6502
202399,999,20260, ,Duluth  MN-WI ,538,538,154690,14,28,6030,0,0,0,4,276,55910,475,475,137280,14,28,6030,0,0,0,4,276,55910
202399,999,20940, ,El Centro  CA ,184,184,30223,5,10,892,0,0,0,9,69,11325,158,158,28093,3,6,590,0,0,0,0,0,0
202399,999,21420, ,Enid  OK ,10,10,3676,0,0,0,0,0,0,0,0,0,9,9,3451,0,0,0,0,0,0,0,0,0
202399,999,21660, ,Eugene-Springfield  OR ,732,732,216400,17,34,6851,0,0,0,14,473,44842,416,416,131199,16,32,6578,0,0,0,14,473,44842
202399,999,21780, ,Evansville  IN-KY ,723,723,250913,40,80,12015,12,48,4232,4,47,3593,675,675,235672,34,68,10441,12,48,4232,1,24,2289
202399,999,21820,C,Fairbanks  AK ,30,30,8171,0,0,0,0,0,0,2,19,2111,30,30,8171,0,0,0,0,0,0,2,19,2111
202399,999,22140,C,Farmington  NM ,117,117,25902,0,0,0,0,0,0,0,0,0,117,117,25902,0,0,0,0,0,0,0,0,0
202399,999,22220, ,Fayetteville-Springdale-Rogers  AR-MO ,5349,5349,1494823,214,428,99154,24,83,11866,66,1055,147226,4810,4810,1382305,207,414,95899,24,83,11866,40,712,120379
202399,999,22380, ,Flagstaff  AZ ,314,314,125953,13,26,3486,28,111,16963,32,672,95006,314,314,125953,13,26,3486,28,111,16963,32,672,95006
202399,999,22500, ,Florence  SC ,710,710,130412,8,16,1575,1,3,201,1,8,680,630,630,116978,8,16,1575,1,3,201,1,8,680
202399,999,22520, ,Florence-Muscle Shoals  AL ,171,171,21334,5,10,850,6,20,7443,0,0,0,129,129,16790,5,10,850,6,20,7443,0,0,0
202399,999,22540, ,Fond du Lac  WI ,129,129,45058,2,4,740,0,0,0,0,0,0,128,128,44813,2,4,740,0,0,0,0,0,0
202399,999,22660,C,Fort Collins  CO ,1289,1289,445767,6,12,3368,7,27,6768,64,1358,207429,1260,1260,435681,5,10,2790,6,24,5811,60,1316,200768
202399,999,22900, ,Fort Smith  AR-OK ,399,399,94648,131,262,33356,7,22,1710,0,0,0,335,335,87073,127,254,32628,1,4,180,0,0,0
202399,999,23460, ,Gadsden  AL ,106,106,18863,0,0,0,0,0,0,0,0,0,106,106,18863,0,0,0,0,0,0,0,0,0
202399,999,24140, ,Goldsboro  NC ,538,538,121814,0,0,0,0,0,0,0,0,0,538,538,121814,0,0,0,0,0,0,0,0,0
202399,999,24220, ,Grand Forks  ND-MN ,159,159,46548,3,6,1353,0,0,0,0,0,0,158,158,46096,3,6,1353,0,0,0,0,0,0
202399,999,24260, ,Grand Island  NE ,146,146,33500,46,92,12878,11,35,6513,13,126,18400,125,125,30259,46,92,12878,11,35,6513,13,126,18400
202399,999,24300,C,Grand Junction  CO ,527,527,80452,4,8,672,1,4,786,25,707,94636,527,527,80452,4,8,672,1,4,786,25,707,94636
202399,999,24500,C,Great Falls  MT ,143,143,46684,4,8,3040,0,0,0,0,0,0,143,143,46684,4,8,3040,0,0,0,0,0,0
202399,999,25060, ,Gulfport-Biloxi  MS ,2942,2942,429541,7,14,1880,1,3,705,7,90,11161,2366,2366,374264,4,8,1145,1,3,705,7,90,11161
202399,999,25860, ,Hickory-Lenoir-Morganton  NC ,1908,1908,433774,32,64,8730,2,8,450,28,399,61839,1723,1723,399508,30,60,8010,2,8,450,10,287,55048
202399,999,25940, ,Hilton Head Island-Bluffton  SC ,2642,2642,998593,0,0,0,10,38,6091,13,274,37913,2128,2128,742536,0,0,0,10,38,6091,11,264,37013
202399,999,26140, ,Homosassa Springs  FL ,2196,2196,500006,1,2,200,1,4,1254,0,0,0,2190,2190,497415,1,2,200,1,4,1254,0,0,0
202399,999,26380, ,Houma-Thibodaux  LA ,591,591,131801,5,10,1020,1,3,365,1,13,900,591,591,131801,5,10,1020,1,3,365,1,13,900
202399,999,27100, ,Jackson  MI ,153,153,46983,1,2,100,0,0,0,0,0,0,104,104,32191,1,2,100,0,0,0,0,0,0
202399,999,27340,C,Jacksonville  NC ,1107,1107,262100,36,72,8028,0,0,0,10,240,19181,1107,1107,262100,36,72,8028,0,0,0,10,240,19181
202399,999,27620, ,Jefferson City  MO ,174,174,39837,5,10,1440,2,8,782,0,0,0,159,159,37567,5,10,1440,2,8,782,0,0,0
202399,999,27980,C,Kahului-Wailuku-Lahaina  HI ,469,469,208839,2,4,1535,0,0,0,9,133,93545,469,469,208839,2,4,1535,0,0,0,9,133,93545
202399,999,28660,C,Killeen-Temple  TX ,2541,2541,587194,279,558,67966,0,0,0,26,481,72185,1653,1653,377835,218,436,55273,0,0,0,3,48,10500
202399,999,29100, ,La Crosse-Onalaska  WI-MN ,205,205,81590,36,72,16500,0,0,0,8,195,24785,204,204,81352,36,72,16500,0,0,0,8,195,24785
202399,999,29420, ,Lake Havasu City-Kingman  AZ ,2086,2086,415796,21,42,4457,8,27,1804,7,86,10506,2086,2086,415796,21,42,4457,8,27,1804,7,86,10506
202399,999,29540, ,Lancaster  PA ,1229,1229,379338,7,14,2330,2,7,1800,21,609,118841,1223,1223,377663,7,14,2330,2,7,1800,21,609,118841
202399,999,29620, ,Lansing-East Lansing  MI ,493,493,145943,15,30,3323,4,16,2901,20,410,51437,425,425,125721,15,30,3323,4,16,2901,8,209,29132
202399,999,29700, ,Laredo  TX ,1099,1099,314790,5,10,1151,7,27,2558,37,406,41519,1099,1099,314790,5,10,1151,7,27,2558,37,406,41519
202399,999,30020, ,Lawton  OK ,121,121,22611,16,32,3831,0,0,0,0,0,0,80,80,18719,16,32,3831,0,0,0,0,0,0
202399,999,30300, ,Lewiston  ID-WA ,128,128,35922,5,10,1651,0,0,0,0,0,0,128,128,35922,5,10,1651,0,0,0,0,0,0
202399,999,30860, ,Logan  UT-ID ,693,693,270217,2,4,976,1,4,856,16,339,50222,615,615,251361,2,4,976,1,4,856,16,339,50222
202399,999,30980, ,Longview  TX ,329,329,88847,6,12,1381,2,7,663,2,16,1636,324,324,87784,2,4,460,2,7,663,2,16,1636
202399,999,31340, ,Lynchburg  VA ,972,972,279635,6,12,2900,0,0,0,2,108,6000,972,972,279635,6,12,2900,0,0,0,2,108,6000
202399,999,31740, ,Manhattan  KS ,215,215,73679,5,10,1930,0,0,0,1,32,4257,184,184,63881,5,10,1930,0,0,0,1,32,4257
202399,999,33540,C,Missoula  MT ,309,309,94096,8,16,2579,2,8,624,14,323,47950,309,309,94096,8,16,2579,2,8,624,14,323,47950
202399,999,36100, ,Ocala  FL ,5023,5023,1390696,37,74,8813,1,4,100,4,96,8800,5023,5023,1390696,37,74,8813,1,4,100,4,96,8800
202399,999,36980, ,Owensboro  KY ,195,195,18862,1,2,173,0,0,0,12,97,14540,186,186,17047,0,0,0,0,0,0,12,97,14540
202399,999,37340, ,Palm Bay-Melbourne-Titusville  FL ,4891,4891,2033654,24,48,6011,12,47,4340,54,1551,256301,4770,4770,2013743,24,48,6011,12,47,4340,54,1551,256301
202399,999,37460, ,Panama City  FL ,1814,1814,650834,11,22,4517,3,9,2039,44,477,82769,233,233,81050,3,6,1007,0,0,0,29,338,56487
202399,999,37900, ,Peoria  IL ,184,184,63147,2,4,847,0,0,0,1,22,5000,138,138,48179,2,4,847,0,0,0,1,22,5000
202399,999,38340, ,Pittsfield  MA ,107,107,58274,4,8,427,0,0,0,1,30,2377,63,63,40914,4,8,427,0,0,0,1,30,2377
202399,999,38540, ,Pocatello  ID ,261,261,50099,11,22,2829,13,42,5214,4,23,2070,160,160,30120,8,16,1716,5,18,2726,0,0,0
202399,999,39150, ,Prescott Valley-Prescott  AZ ,1218,1218,405703,36,72,9852,0,0,0,10,277,62896,1218,1218,405703,36,72,9852,0,0,0,10,277,62896
202399,999,40060, ,Richmond  VA ,4590,4590,1150492,112,224,32420,2,8,829,77,5151,481783,4472,4472,1123897,112,224,32420,2,8,829,77,5151,481783
202399,999,40220, ,Roanoke  VA ,490,490,156846,6,12,1953,0,0,0,2,119,17710,490,490,156846,6,12,1953,0,0,0,2,119,17710
202399,999,41100, ,St. George  UT ,2134,2134,435833,5,10,1365,11,38,8514,32,638,96532,2105,2105,428777,5,10,1365,11,38,8514,32,638,96532
202399,999,41500, ,Salinas  CA ,459,459,124131,4,8,1568,0,0,0,8,150,50608,431,431,115945,3,6,979,0,0,0,8,150,50608
202399,999,41660,C,San Angelo  TX ,252,252,70421,0,0,0,0,0,0,0,0,0,252,252,70421,0,0,0,0,0,0,0,0,0
202399,999,41740,C,San Diego-Chula Vista-Carlsbad  CA ,3049,3049,887047,104,208,39521,77,260,52709,260,7952,1357908,2957,2957,847316,96,192,37138,74,249,50439,236,7424,1240646
202399,999,42020, ,San Luis Obispo-Paso Robles  CA ,589,589,169228,2,4,1167,0,0,0,13,369,62201,586,586,168180,2,4,1167,0,0,0,13,369,62201
202399,999,42200, ,Santa Maria-Santa Barbara  CA ,360,360,94945,11,22,3409,3,9,770,4,80,6668,360,360,94945,11,22,3409,3,9,770,4,80,6668
202399,999,42540, ,Scranton--Wilkes-Barre  PA ,488,488,163498,15,30,6350,5,20,3194,6,35,5463,448,448,152320,15,30,6350,5,20,3194,2,15,2728
202399,999,42700, ,Sebring-Avon Park  FL ,626,626,145399,17,34,4600,0,0,0,1,52,10240,626,626,145399,17,34,4600,0,0,0,1,52,10240
202399,999,43100, ,Sheboygan  WI ,191,191,73339,9,18,4595,0,0,0,4,351,50369,191,191,73339,9,18,4595,0,0,0,4,351,50369
202399,999,43420, ,Sierra Vista-Douglas  AZ ,486,486,76418,0,0,0,0,0,0,0,0,0,484,484,76149,0,0,0,0,0,0,0,0,0
202399,999,43580, ,Sioux City  IA-NE-SD ,220,220,64948,2,4,193,12,37,1175,4,104,5400,112,112,34662,2,4,193,2,7,1175,4,104,5400
202399,999,43620, ,Sioux Falls  SD ,1155,1155,285824,25,50,8708,40,144,16342,97,2090,266500,970,970,237325,25,50,8708,15,57,8806,81,2005,254962
202399,999,44140, ,Springfield  MA ,417,417,142010,10,20,2233,1,4,653,33,267,42495,306,306,118853,10,20,2233,1,4,653,18,185,35105
202399,999,44180, ,Springfield  MO ,1580,1580,503781,53,106,16745,19,65,8199,17,426,39800,1412,1412,460407,48,96,15353,16,56,7637,17,426,39800
202399,999,44940, ,Sumter  SC ,435,435,74226,19,38,3623,0,0,0,0,0,0,173,173,25993,0,0,0,0,0,0,0,0,0
202399,999,45220, ,Tallahassee  FL ,1433,1433,274761,10,20,2216,0,0,0,38,1237,158259,696,696,129490,0,0,0,0,0,0,0,0,0
202399,999,45300,C,Tampa-St. Petersburg-Clearwater  FL ,14852,14852,4212178,91,182,27162,98,381,21563,473,9971,1571035,9021,9021,2870452,84,168,24705,98,381,21563,447,9837,1537596
202399,999,45460, ,Terre Haute  IN ,126,126,22792,7,14,1780,0,0,0,0,0,0,85,85,15864,7,14,1780,0,0,0,0,0,0
202399,999,45500, ,Texarkana  TX-AR ,94,94,26479,56,112,14264,3,11,1784,5,30,3068,93,93,26261,56,112,14264,3,11,1784,5,30,3068
202399,999,45820, ,Topeka  KS ,303,303,77601,25,50,8903,0,0,0,0,0,0,299,299,77249,25,50,8903,0,0,0,0,0,0
202399,999,46220, ,Tuscaloosa  AL ,575,575,171098,15,30,2560,9,29,3315,4,61,9381,438,438,129722,15,30,2560,4,12,724,0,0,0
202399,999,46300, ,Twin Falls  ID ,384,384,107614,13,26,6026,9,36,6770,1,9,950,384,384,107614,13,26,6026,9,36,6770,1,9,950
202399,999,46520,C,Urban Honolulu  HI ,657,657,238396,73,146,19625,2,7,459,22,1041,315412,349,349,125057,42,84,9745,2,7,459,3,306,54571
202399,999,46540, ,Utica-Rome  NY ,194,194,76883,0,0,0,0,0,0,11,58,9063,114,114,60704,0,0,0,0,0,0,0,0,0
202399,999,46660, ,Valdosta  GA ,883,883,202309,3,6,398,0,0,0,7,73,6370,507,507,131015,0,0,0,0,0,0,5,48,3914
202399,999,47300, ,Visalia  CA ,1035,1035,268841,29,58,6352,1,3,403,8,69,19095,1020,1020,266461,29,58,6352,1,3,403,8,69,19095
202399,999,47380, ,Waco  TX ,744,744,158641,44,88,8561,20,80,7579,84,847,86345,667,667,144851,44,88,8561,20,80,7579,72,787,80174
202399,999,47940, ,Waterloo-Cedar Falls  IA ,235,235,76893,9,18,2462,2,6,1576,9,222,28884,222,222,72219,8,16,2216,2,6,1576,9,222,28884
202399,999,48060, ,Watertown-Fort Drum  NY ,194,194,31560,0,0,0,0,0,0,0,0,0,194,194,31560,0,0,0,0,0,0,0,0,0
202399,999,48300, ,Wenatchee  WA ,505,505,190897,4,8,1618,2,7,1596,8,66,7426,459,459,175285,4,8,1618,2,7,1596,8,66,7426
202399,999,48540, ,Wheeling  WV-OH ,9,9,2393,1,2,230,0,0,0,0,0,0,9,9,2393,1,2,230,0,0,0,0,0,0
202399,999,48660, ,Wichita Falls  TX ,207,207,59927,3,6,580,3,9,900,2,52,5318,207,207,59927,3,6,580,3,9,900,2,52,5318
202399,999,48900, ,Wilmington  NC ,2228,2228,655942,67,134,20098,21,68,16213,40,1535,186777,1453,1453,392399,49,98,12635,18,59,13900,20,802,91622
202399,999,49420, ,Yakima  WA ,453,453,131598,29,58,10216,22,81,9844,2,58,800,442,442,129167,29,58,10216,22,81,9844,2,58,800
202399,999,49740, ,Yuma  AZ ,761,761,120663,10,20,2116,1,4,346,6,88,8954,761,761,120663,10,20,2116,1,4,346,6,88,8954
