Survey,CSA,CBSA,MONCOV,CBSA,,1-unit,,,2-units,,,3-4 units,,,5+ units,,,1-unit rep,,,2-units rep,,,3-4 units rep,,,5+ units rep
Date,Code,Code,,Name,Bldgs,Units,Value,Bldgs,Units,Value,Bldgs,Units,Value,Bldgs,Units,Value,Bldgs,Units,Value,Bldgs,Units,Value,      Bldgs,Units,Value,Bldgs,Units,Value
 
202299,104,10580,C,Albany-Schenectady-Troy  NY ,1266,1266,410915,34,68,15600,11,44,7042,78,1257,208976,1170,1170,386781,32,64,15000,10,40,6722,67,1202,206321
202299,104,24020, ,Glens Falls  NY ,232,232,68650,8,16,2913,6,22,2873,4,22,2855,231,231,68500,8,16,2913,6,22,2873,4,22,2855
202299,106,10740,C,Albuquerque  NM ,1903,1903,473538,0,0,0,2,7,784,9,942,94440,1874,1874,462371,0,0,0,2,7,784,9,942,94440
202299,106,42140,C,Santa Fe  NM ,177,177,86749,7,14,2062,0,0,0,14,399,45323,177,177,86749,7,14,2062,0,0,0,14,399,45323
202299,107,11020, ,Altoona  PA ,71,71,20741,0,0,0,0,0,0,6,52,7654,67,67,20341,0,0,0,0,0,0,6,52,7654
202299,108,11100, ,Amarillo  TX ,818,818,205749,25,50,6475,1,4,601,7,110,14034,814,814,204817,25,50,6475,1,4,601,7,110,14034
202299,118,11540, ,Appleton  WI ,480,480,188029,52,104,19220,0,0,0,9,183,24967,480,480,188029,52,104,19220,0,0,0,9,183,24967
202299,118,36780, ,Oshkosh-Neenah  WI ,325,325,125015,16,32,6214,0,0,0,7,102,14332,325,325,125015,16,32,6214,0,0,0,7,102,14332
202299,120,11700, ,Asheville  NC ,2813,2813,1092464,1,2,30,0,0,0,35,716,134273,2423,2423,1014432,1,2,30,0,0,0,15,595,100768
202299,122,12020, ,Athens-Clarke County  GA ,771,771,237164,10,20,3418,3,12,1396,58,1542,177311,588,588,183106,10,20,3418,3,12,1396,58,1542,177311
202299,122,12060, ,Atlanta-Sandy Springs-Alpharetta  GA ,26629,26629,6992783,93,186,35183,110,398,54174,563,21288,2703352,26581,26581,6987251,93,186,35183,110,398,54174,563,21288,2703352
202299,122,23580, ,Gainesville  GA ,1196,1196,287194,1,2,198,12,44,4390,28,825,143468,277,277,70643,1,2,198,12,44,4390,28,825,143468
202299,122,40660,C,Rome  GA ,310,310,67278,0,0,0,0,0,0,0,0,0,310,310,67278,0,0,0,0,0,0,0,0,0
202299,140,13460,C,Bend  OR ,1178,1178,440653,56,112,22283,15,47,7513,36,776,98705,1178,1178,440653,56,112,22283,15,47,7513,36,776,98705
202299,142,13820,C,Birmingham-Hoover  AL ,3045,3045,983895,32,64,11110,12,46,6912,29,992,185049,2994,2994,975651,32,64,11110,12,46,6912,29,992,185049
202299,144,14020,C,Bloomington  IN ,351,351,111358,3,6,852,0,0,0,10,206,26132,351,351,111358,3,6,852,0,0,0,10,206,26132
202299,145,14010, ,Bloomington  IL ,305,305,84606,3,6,975,2,8,1000,3,118,11400,305,305,84606,3,6,975,2,8,1000,3,118,11400
202299,146,14100,C,Bloomsburg-Berwick  PA ,135,135,38264,0,0,0,0,0,0,0,0,0,135,135,38264,0,0,0,0,0,0,0,0,0
202299,147,14260,C,Boise City  ID ,5925,5925,1632979,39,78,14676,100,398,43908,198,4074,682511,5744,5744,1591457,38,76,14310,100,398,43908,197,4066,681047
202299,148,12700, ,Barnstable Town  MA ,564,564,325694,18,36,5639,5,15,3500,3,272,45112,564,564,325694,18,36,5639,5,15,3500,3,272,45112
202299,148,14460,C,Boston-Cambridge-Newton  MA-NH ,4025,4025,1617689,233,466,110497,113,381,91316,295,8723,2139878,3406,3406,1423159,216,432,103630,107,363,87667,181,7348,1921826
202299,148,31700, ,Manchester-Nashua  NH ,620,620,205276,15,30,5673,5,20,2948,4,174,17835,560,560,189349,15,30,5673,5,20,2948,4,174,17835
202299,148,39300,C,Providence-Warwick  RI-MA ,1560,1560,455998,112,224,32979,24,82,12210,17,257,34011,1075,1075,355702,108,216,32147,24,82,12210,8,210,29267
202299,148,49340, ,Worcester  MA-CT ,1172,1172,332643,47,94,19312,3,10,1845,24,976,188211,918,918,265701,39,78,17062,3,10,1845,17,941,184718
202299,150,14540, ,Bowling Green  KY ,835,835,206525,4,8,834,9,35,3675,86,758,71477,831,831,205925,4,8,834,8,32,3450,86,758,71477
202299,154,15180, ,Brownsville-Harlingen  TX ,1937,1937,373669,44,88,8539,11,39,5511,22,442,54183,1930,1930,372505,44,88,8539,11,39,5511,21,385,47083
202299,160,15380,C,Buffalo-Cheektowaga  NY ,1213,1213,417873,16,32,6031,13,49,10406,25,297,60907,1152,1152,407699,16,32,6031,13,49,10406,11,86,13594
202299,162,15540, ,Burlington-South Burlington  VT ,422,422,139290,37,74,10070,8,25,1339,29,603,93566,340,340,117124,31,62,8063,8,25,1339,22,568,91704
202299,163,15980,C,Cape Coral-Fort Myers  FL ,9145,9145,2151236,128,256,33155,29,113,15182,166,4107,504761,9145,9145,2151236,128,256,33155,29,113,15182,166,4107,504761
202299,163,34940, ,Naples-Marco Island  FL ,3519,3519,1612622,14,28,6504,44,171,39658,63,1799,386377,3519,3519,1612622,14,28,6504,44,171,39658,63,1799,386377
202299,164,16020, ,Cape Girardeau  MO-IL ,92,92,28202,1,2,350,0,0,0,0,0,0,92,92,28202,1,2,350,0,0,0,0,0,0
202299,168,16300, ,Cedar Rapids  IA ,453,453,124808,35,70,13101,5,19,1296,15,405,40128,451,451,124466,33,66,12501,5,19,1296,15,405,40128
202299,168,26980, ,Iowa City  IA ,492,492,161411,46,92,22026,16,62,12280,15,783,136980,446,446,151732,43,86,21124,16,62,12280,15,783,136980
202299,170,16620, ,Charleston  WV ,154,154,21383,1,2,334,1,4,150,0,0,0,139,139,19267,1,2,334,1,4,150,0,0,0
202299,170,26580, ,Huntington-Ashland  WV-KY-OH ,241,241,52031,4,8,500,2,6,280,0,0,0,66,66,17845,4,8,500,2,6,280,0,0,0
202299,172,16740, ,Charlotte-Concord-Gastonia  NC-SC ,19029,19029,5206344,71,142,32015,12,47,6026,202,7994,1048088,16944,16944,4577796,71,142,32015,12,47,6026,181,7751,1020503
202299,174,16860, ,Chattanooga  TN-GA ,2121,2121,504680,84,168,12700,23,78,9699,40,714,76003,1588,1588,390839,36,72,5797,14,51,8133,3,64,11056
202299,174,17420, ,Cleveland  TN ,775,775,191596,8,16,1976,33,119,17875,2,14,923,562,562,153015,8,16,1976,33,119,17875,2,14,923
202299,174,19140, ,Dalton  GA ,376,376,70457,20,40,2780,9,34,4399,6,30,1610,369,369,68806,20,40,2780,9,34,4399,6,30,1610
202299,176,16980, ,Chicago-Naperville-Elgin  IL-IN-WI ,8562,8562,2793812,148,296,59897,201,649,138439,250,8128,1234535,8204,8204,2715815,147,294,59517,201,649,138439,225,7968,1205396
202299,176,28100, ,Kankakee  IL ,103,103,26275,1,2,450,3,11,2158,0,0,0,99,99,24595,1,2,450,3,11,2158,0,0,0
202299,176,33140, ,Michigan City-La Porte  IN ,124,124,35672,0,0,0,1,3,250,4,195,24700,96,96,27714,0,0,0,1,3,250,4,195,24700
202299,178,17140, ,Cincinnati  OH-KY-IN ,4062,4062,1329427,155,310,48602,49,174,21307,87,1620,198332,3958,3958,1309530,155,310,48602,49,174,21307,87,1620,198332
202299,184,10420, ,Akron  OH ,796,796,263252,34,68,8000,112,437,35008,137,1746,263330,749,749,249610,34,68,8000,105,416,25558,125,1657,262138
202299,184,15940, ,Canton-Massillon  OH ,469,469,135619,16,32,5930,27,96,9493,32,213,15784,421,421,130017,16,32,5930,18,68,8058,17,117,8410
202299,184,17460, ,Cleveland-Elyria  OH ,2913,2913,961113,8,16,3252,26,99,13118,52,705,83959,2805,2805,937596,8,16,3252,26,99,13118,52,705,83959
202299,190,17860, ,Columbia  MO ,628,628,217866,6,12,2471,1,4,750,8,135,16502,621,621,217088,6,12,2471,1,4,750,8,135,16502
202299,192,17900,C,Columbia  SC ,4101,4101,1004044,9,18,4445,47,175,25467,58,1510,222549,2807,2807,752794,9,18,4445,47,175,25467,58,1510,222549
202299,194,12220,C,Auburn-Opelika  AL ,1127,1127,301059,14,28,4276,2,7,900,21,1030,167557,752,752,210478,10,20,2857,2,7,900,11,851,143183
202299,194,17980, ,Columbus  GA-AL ,636,636,167067,17,34,5188,0,0,0,34,978,181810,617,617,163194,17,34,5188,0,0,0,34,978,181810
202299,198,18140, ,Columbus  OH ,5603,5603,2216615,49,98,17627,23,82,12160,313,6292,620043,5291,5291,2123937,49,98,17627,21,76,10210,312,6283,618955
202299,204,18580, ,Corpus Christi  TX ,1895,1895,444867,0,0,0,0,0,0,1,5,70,1853,1853,436115,0,0,0,0,0,0,1,5,70
202299,206,19100, ,Dallas-Fort Worth-Arlington  TX ,43685,43685,11950420,343,686,88784,351,1314,184552,683,32242,4112759,43402,43402,11890067,343,686,88784,351,1314,184552,673,31991,4086337
202299,206,43300, ,Sherman-Denison  TX ,1498,1498,335210,67,134,17447,0,0,0,17,588,74954,1477,1477,330222,67,134,17447,0,0,0,17,588,74954
202299,209,19340, ,Davenport-Moline-Rock Island  IA-IL ,416,416,112181,13,26,4996,28,99,18356,8,56,5197,401,401,109159,10,20,4021,28,99,18356,7,51,4533
202299,212,19430, ,Dayton-Kettering  OH ,1262,1262,465856,11,22,4540,14,47,8080,40,934,104623,1255,1255,463588,10,20,4189,12,41,7483,28,585,62287
202299,212,44220, ,Springfield  OH ,112,112,41169,0,0,0,13,51,5303,3,20,1652,112,112,41169,0,0,0,13,51,5303,3,20,1652
202299,216,14500, ,Boulder  CO ,661,661,376592,13,26,10249,23,76,31987,52,879,187503,626,626,337909,12,24,9126,21,70,30431,37,618,119437
202299,216,19740,C,Denver-Aurora-Lakewood  CO ,10099,10099,3120221,186,372,75213,54,196,42652,240,12342,1882904,9910,9910,3077335,185,370,74771,54,196,42652,228,12042,1833102
202299,216,24540, ,Greeley  CO ,3229,3229,962079,104,208,38170,30,105,20407,120,2624,378723,3229,3229,962079,104,208,38170,30,105,20407,120,2624,378723
202299,218,11180, ,Ames  IA ,236,236,68021,4,8,2121,15,52,11739,3,32,4396,223,223,64265,4,8,2121,15,52,11739,3,32,4396
202299,218,19780, ,Des Moines-West Des Moines  IA ,3646,3646,1183598,53,106,21199,18,61,14407,52,2309,380800,3542,3542,1146211,53,106,21199,9,33,8531,40,2234,371564
202299,220,11460, ,Ann Arbor  MI ,603,603,202448,3,6,1611,4,14,2818,5,33,1090,493,493,170747,3,6,1611,3,11,2210,4,28,540
202299,220,19820, ,Detroit-Warren-Dearborn  MI ,4698,4698,1720511,33,66,13436,82,305,54638,120,2876,641199,4326,4326,1632330,32,64,13336,67,252,50425,120,2876,641199
202299,220,22420, ,Flint  MI ,324,324,93823,4,8,1492,15,48,1099,2,26,5763,304,304,89540,4,8,1492,15,48,1099,2,26,5763
202299,220,33780, ,Monroe  MI ,203,203,54271,0,0,0,1,4,500,10,59,4070,148,148,42085,0,0,0,1,4,500,10,59,4070
202299,222,20020, ,Dothan  AL ,484,484,125979,5,10,866,1,4,479,0,0,0,371,371,100593,5,10,866,1,4,479,0,0,0
202299,232,20740, ,Eau Claire  WI ,391,391,149242,94,188,37021,12,48,7581,51,403,71061,391,391,149242,94,188,37021,12,48,7581,51,403,71061
202299,236,21300, ,Elmira  NY ,30,30,6802,0,0,0,0,0,0,7,51,5716,21,21,5041,0,0,0,0,0,0,7,51,5716
202299,238,21340,C,El Paso  TX ,2146,2146,505015,31,62,8006,10,30,3953,26,227,26783,496,496,117316,0,0,0,0,0,0,0,0,0
202299,238,29740,C,Las Cruces  NM ,1079,1079,293415,3,6,1065,5,20,3366,0,0,0,964,964,267854,3,6,1065,5,20,3366,0,0,0
202299,240,21500, ,Erie  PA ,166,166,56676,9,18,3086,0,0,0,9,54,6368,161,161,55323,9,18,3086,0,0,0,9,54,6368
202299,244,22020, ,Fargo  ND-MN ,1124,1124,375457,2,4,370,0,0,0,23,1187,150504,1114,1114,372479,2,4,370,0,0,0,23,1187,150504
202299,246,22180, ,Fayetteville  NC ,2145,2145,429287,0,0,0,0,0,0,16,338,33780,1430,1430,331085,0,0,0,0,0,0,16,338,33780
202299,258,23060,C,Fort Wayne  IN ,1453,1453,449521,20,40,5095,0,0,0,31,842,90093,1453,1453,449521,20,40,5095,0,0,0,31,842,90093
202299,260,23420,C,Fresno  CA ,2944,2944,885802,8,16,3650,15,52,9928,64,650,84322,2806,2806,826202,8,16,3650,15,52,9928,64,650,84322
202299,260,25260, ,Hanford-Corcoran  CA ,414,414,122350,2,4,857,6,18,4602,0,0,0,414,414,122350,2,4,857,6,18,4602,0,0,0
202299,260,31460, ,Madera  CA ,880,880,222170,3,6,300,4,16,800,4,64,7033,880,880,222170,3,6,300,4,16,800,4,64,7033
202299,264,23540, ,Gainesville  FL ,1345,1345,345026,6,12,1574,0,0,0,41,1780,231792,1237,1237,311199,6,12,1574,0,0,0,41,1780,231792
202299,266,24340, ,Grand Rapids-Kentwood  MI ,2488,2488,818148,88,176,33095,26,93,14754,83,1441,207164,2374,2374,786706,88,176,33095,25,90,13888,64,1243,185713
202299,266,34740, ,Muskegon  MI ,321,321,87958,5,10,1439,0,0,0,9,217,15624,296,296,83623,5,10,1439,0,0,0,9,217,15624
202299,267,24580, ,Green Bay  WI ,627,627,246580,102,204,37075,0,0,0,25,418,60255,626,626,246340,102,204,37075,0,0,0,25,418,60255
202299,268,15500, ,Burlington  NC ,1793,1793,284036,1,2,180,2,8,1371,11,146,54058,1793,1793,284036,1,2,180,2,8,1371,11,146,54058
202299,268,24660,C,Greensboro-High Point  NC ,2161,2161,577431,9,18,4227,0,0,0,37,814,117270,2161,2161,577431,9,18,4227,0,0,0,37,814,117270
202299,268,49180, ,Winston-Salem  NC ,3983,3983,1038419,2,4,1116,1,3,276,53,1490,149702,3822,3822,1000885,2,4,1116,1,3,276,53,1490,149702
202299,272,24780, ,Greenville  NC ,688,688,162414,24,48,7515,0,0,0,8,192,23405,387,387,91450,24,48,7515,0,0,0,8,192,23405
202299,273,24860, ,Greenville-Anderson  SC ,6477,6477,1772325,63,126,14947,61,226,23447,108,1415,160131,6477,6477,1772325,63,126,14947,61,226,23447,108,1415,160131
202299,273,43900, ,Spartanburg  SC ,2596,2596,451420,0,0,0,0,0,0,0,0,0,2559,2559,442671,0,0,0,0,0,0,0,0,0
202299,276,23900,C,Gettysburg  PA ,394,394,125536,0,0,0,0,0,0,0,0,0,394,394,125536,0,0,0,0,0,0,0,0,0
202299,276,25420,C,Harrisburg-Carlisle  PA ,1820,1820,428912,1,2,281,5,17,1660,27,872,112003,1818,1818,428150,1,2,281,5,17,1660,27,872,112003
202299,276,30140, ,Lebanon  PA ,225,225,49561,0,0,0,0,0,0,3,139,12635,50,50,15465,0,0,0,0,0,0,1,129,11600
202299,276,49620, ,York-Hanover  PA ,1062,1062,293083,4,8,970,0,0,0,9,292,15693,1043,1043,288288,4,8,970,0,0,0,9,292,15693
202299,277,25500,C,Harrisonburg  VA ,649,649,151685,7,14,2578,2,8,2750,7,39,4730,649,649,151685,7,14,2578,2,8,2750,7,39,4730
202299,277,44420, ,Staunton  VA ,379,379,97707,3,6,710,0,0,0,2,57,5000,379,379,97707,3,6,710,0,0,0,2,57,5000
202299,278,25540,C,Hartford-East Hartford-Middletown  CT ,634,634,182991,58,116,9615,3,12,1051,47,1183,134515,536,536,159588,57,114,9395,3,12,1051,33,1056,127778
202299,278,35980, ,Norwich-New London  CT ,379,379,102281,5,10,1205,1,4,450,4,52,8108,286,286,80449,3,6,817,1,4,450,4,52,8108
202299,279,25620, ,Hattiesburg  MS ,135,135,23090,0,0,0,5,19,900,0,0,0,95,95,12071,0,0,0,5,19,900,0,0,0
202299,284,26300, ,Hot Springs  AR ,67,67,22542,16,32,3840,0,0,0,0,0,0,67,67,22542,16,32,3840,0,0,0,0,0,0
202299,288,26420, ,Houston-The Woodlands-Sugar Land  TX ,47606,47606,11974296,440,880,118090,6,23,2552,887,27124,2917949,47118,47118,11825431,440,880,118090,6,23,2552,868,27010,2915421
202299,290,19460, ,Decatur  AL ,275,275,75088,0,0,0,1,4,180,0,0,0,264,264,73742,0,0,0,1,4,180,0,0,0
202299,290,26620,C,Huntsville  AL ,3617,3617,742704,1,2,220,1,4,510,25,412,61012,1980,1980,343517,1,2,220,1,4,510,25,412,61012
202299,292,26820, ,Idaho Falls  ID ,1184,1184,220870,2,4,264,30,120,15179,5,72,8133,1176,1176,216110,2,4,264,30,120,15179,5,72,8133
202299,294,18020, ,Columbus  IN ,209,209,70055,0,0,0,0,0,0,0,0,0,209,209,70055,0,0,0,0,0,0,0,0,0
202299,294,26900, ,Indianapolis-Carmel-Anderson  IN ,8620,8620,2977934,82,164,27288,22,78,8965,127,4671,561200,8511,8511,2958700,81,162,26989,22,78,8965,127,4671,561200
202299,294,34620, ,Muncie  IN ,201,201,33495,0,0,0,0,0,0,0,0,0,172,172,25129,0,0,0,0,0,0,0,0,0
202299,296,27060, ,Ithaca  NY ,173,173,53341,4,8,1164,1,4,300,2,54,9170,134,134,44586,3,6,844,1,4,300,2,54,9170
202299,297,27180, ,Jackson  TN ,454,454,108278,1,2,160,0,0,0,0,0,0,188,188,48616,1,2,160,0,0,0,0,0,0
202299,298,27140, ,Jackson  MS ,1221,1221,340532,3,6,754,2,7,631,0,0,0,1107,1107,323389,3,6,754,1,4,500,0,0,0
202299,300,27260,C,Jacksonville  FL ,14410,14410,3518415,43,86,10875,17,59,10311,191,8608,1150779,14407,14407,3517857,43,86,10875,17,59,10311,191,8608,1150779
202299,304,27740, ,Johnson City  TN ,802,802,212739,5,10,2222,5,15,3245,27,197,21534,646,646,191287,5,10,2222,5,15,3245,27,197,21534
202299,304,28700, ,Kingsport-Bristol  TN-VA ,815,815,193072,12,24,4420,11,40,5518,6,60,6736,666,666,176518,12,24,4420,9,34,4826,2,15,4104
202299,306,27780, ,Johnstown  PA ,94,94,23360,0,0,0,0,0,0,0,0,0,89,89,22047,0,0,0,0,0,0,0,0,0
202299,308,27860, ,Jonesboro  AR ,681,681,106619,63,126,10085,62,213,11421,22,129,6987,168,168,29098,19,38,4032,10,35,2256,2,12,350
202299,309,27900, ,Joplin  MO ,589,589,102522,52,104,16602,3,10,974,29,494,68329,589,589,102522,52,104,16602,3,10,974,29,494,68329
202299,310,12980, ,Battle Creek  MI ,93,93,16819,1,2,440,0,0,0,0,0,0,61,61,13638,1,2,440,0,0,0,0,0,0
202299,310,28020, ,Kalamazoo-Portage  MI ,341,341,120892,11,22,4932,14,54,6831,7,40,5279,338,338,120037,10,20,4633,14,54,6831,7,40,5279
202299,312,28140, ,Kansas City  MO-KS ,5198,5198,1738685,129,258,43565,99,367,78050,128,5390,777683,4954,4954,1671549,129,258,43565,99,367,78050,128,5390,777683
202299,312,29940, ,Lawrence  KS ,189,189,74175,3,6,589,0,0,0,12,206,27237,182,182,72292,0,0,0,0,0,0,12,206,27237
202299,312,41140, ,St. Joseph  MO-KS ,87,87,19477,4,8,955,0,0,0,0,0,0,46,46,10838,4,8,955,0,0,0,0,0,0
202299,313,28420,C,Kennewick-Richland  WA ,1232,1232,423499,18,36,8190,36,133,23104,18,485,60775,1232,1232,423499,18,36,8190,36,133,23104,18,485,60775
202299,313,47460, ,Walla Walla  WA ,114,114,34542,28,56,9195,0,0,0,0,0,0,104,104,33542,28,56,9195,0,0,0,0,0,0
202299,315,28940, ,Knoxville  TN ,3809,3809,1080397,16,32,5551,3,10,1211,50,987,113004,3601,3601,1036310,16,32,5551,2,7,911,34,834,102742
202299,315,34100, ,Morristown  TN ,868,868,216242,15,30,2022,22,71,10851,0,0,0,799,799,203653,15,30,2022,22,71,10851,0,0,0
202299,316,29020, ,Kokomo  IN ,116,116,34607,0,0,0,0,0,0,2,48,5461,100,100,29718,0,0,0,0,0,0,2,48,5461
202299,318,29180, ,Lafayette  LA ,2051,2051,498431,0,0,0,0,0,0,2,20,4025,1940,1940,479887,0,0,0,0,0,0,2,20,4025
202299,320,29200, ,Lafayette-West Lafayette  IN ,510,510,159599,1,2,210,1,3,230,24,1023,140091,509,509,159415,1,2,210,1,3,230,24,1023,140091
202299,324,29340, ,Lake Charles  LA ,862,862,148085,14,28,3155,0,0,0,12,232,27917,862,862,148085,14,28,3155,0,0,0,12,232,27917
202299,332,29820,C,Las Vegas-Henderson-Paradise  NV ,9199,9199,2569892,52,104,17751,47,182,20946,175,3581,354186,9199,9199,2569892,52,104,17751,47,182,20946,175,3581,354186
202299,336,30460,C,Lexington-Fayette  KY ,1460,1460,380532,17,34,2933,19,60,8081,41,1155,114100,774,774,229732,15,30,2495,19,60,8081,17,114,11390
202299,338,30620, ,Lima  OH ,106,106,27138,0,0,0,1,3,200,0,0,0,88,88,23870,0,0,0,1,3,200,0,0,0
202299,339,30700, ,Lincoln  NE ,1132,1132,374733,15,30,5142,3,11,1117,64,2176,206441,1109,1109,369924,15,30,5142,3,11,1117,64,2176,206441
202299,340,30780, ,Little Rock-North Little Rock-Conway  AR ,1863,1863,494138,28,56,6325,1,3,226,35,1416,104362,1833,1833,489480,28,56,6325,1,3,226,35,1416,104362
202299,340,38220, ,Pine Bluff  AR ,43,43,5940,0,0,0,0,0,0,2,24,550,31,31,4161,0,0,0,0,0,0,2,24,550
202299,348,31080,C,Los Angeles-Long Beach-Anaheim  CA ,11199,11199,3024623,813,1626,369939,125,414,108643,527,19634,3688181,10764,10764,2807550,776,1552,347913,111,372,99285,469,19178,3621213
202299,348,37100, ,Oxnard-Thousand Oaks-Ventura  CA ,474,474,154942,10,20,4380,7,27,5729,39,847,127955,425,425,137653,10,20,4380,7,27,5729,39,847,127955
202299,348,40140, ,Riverside-San Bernardino-Ontario  CA ,12467,12467,3509709,114,228,26715,109,395,65315,253,3657,465182,12044,12044,3415431,114,228,26715,109,395,65315,240,3591,459645
202299,350,21060, ,Elizabethtown-Fort Knox  KY ,506,506,126662,33,66,9510,4,15,1362,27,584,79371,506,506,126662,33,66,9510,4,15,1362,27,584,79371
202299,350,31140, ,Louisville-Jefferson County  KY-IN ,3345,3345,1045873,30,60,13375,5,20,2884,58,1951,635922,3293,3293,1035516,30,60,13375,5,20,2884,58,1951,635922
202299,352,31180, ,Lubbock  TX ,2325,2325,564518,123,246,32604,7,28,4051,55,680,56759,2314,2314,562615,123,246,32604,7,28,4051,55,680,56759
202299,356,31420, ,Macon-Bibb County  GA ,622,622,159996,0,0,0,0,0,0,0,0,0,458,458,132459,0,0,0,0,0,0,0,0,0
202299,356,47580, ,Warner Robins  GA ,1445,1445,299235,0,0,0,0,0,0,36,1050,93217,1390,1390,289059,0,0,0,0,0,0,36,1050,93217
202299,357,27500, ,Janesville-Beloit  WI ,286,286,83539,17,34,6647,0,0,0,1,76,36000,286,286,83539,17,34,6647,0,0,0,1,76,36000
202299,357,31540, ,Madison  WI ,1530,1530,642801,79,158,42862,14,55,11629,63,3836,609853,1529,1529,642516,79,158,42862,14,55,11629,63,3836,609853
202299,359,31860, ,Mankato  MN ,177,177,60069,25,50,7965,4,15,4880,11,367,55141,176,176,59949,25,50,7965,4,15,4880,11,367,55141
202299,360,31900, ,Mansfield  OH ,115,115,35559,6,12,1661,16,57,7199,5,63,7983,115,115,35559,6,12,1661,16,57,7199,5,63,7983
202299,365,32580,C,McAllen-Edinburg-Mission  TX ,3874,3874,901590,192,384,35382,295,1170,115877,41,523,45854,3772,3772,891501,185,370,34332,295,1170,115877,41,523,45854
202299,366,24420, ,Grants Pass  OR ,246,246,54802,18,36,5089,0,0,0,5,56,5406,246,246,54802,18,36,5089,0,0,0,5,56,5406
202299,366,32780, ,Medford  OR ,761,761,195154,12,24,4593,9,34,3721,14,261,35644,755,755,193548,12,24,4593,9,34,3721,14,261,35644
202299,368,32820, ,Memphis  TN-MS-AR ,3485,3485,856901,1,2,650,0,0,0,13,814,94128,3147,3147,780236,1,2,650,0,0,0,13,814,94128
202299,370,33100, ,Miami-Fort Lauderdale-Pompano Beach  FL ,6971,6971,3556855,145,290,55036,37,133,22749,294,12327,2258894,6399,6399,3379307,145,290,55036,35,127,20455,246,11648,2192273
202299,370,38940, ,Port St. Lucie  FL ,5043,5043,1449953,167,334,55728,36,115,12805,125,2312,334566,5038,5038,1441816,167,334,55728,36,115,12805,125,2312,334566
202299,370,42680, ,Sebastian-Vero Beach  FL ,1141,1141,541860,15,30,4865,4,12,808,0,0,0,1141,1141,541860,15,30,4865,4,12,808,0,0,0
202299,372,33260, ,Midland  TX ,594,594,142688,0,0,0,0,0,0,0,0,0,594,594,142688,0,0,0,0,0,0,0,0,0
202299,372,36220,C,Odessa  TX ,888,888,227523,0,0,0,0,0,0,0,0,0,888,888,227523,0,0,0,0,0,0,0,0,0
202299,376,33340,C,Milwaukee-Waukesha  WI ,1563,1563,694033,176,352,84019,2,8,2689,48,1249,233420,1563,1563,694033,176,352,84019,2,8,2689,48,1249,233420
202299,376,39540, ,Racine  WI ,145,145,57970,9,18,3647,0,0,0,0,0,0,145,145,57970,9,18,3647,0,0,0,0,0,0
202299,378,33460, ,Minneapolis-St. Paul-Bloomington  MN-WI ,9114,9114,3218868,96,192,37625,53,194,46955,227,14225,2614012,9027,9027,3188608,96,192,37625,53,194,46955,213,14030,2597915
202299,378,41060, ,St. Cloud  MN ,431,431,129558,0,0,0,0,0,0,4,265,39260,382,382,116210,0,0,0,0,0,0,4,265,39260
202299,380,19300, ,Daphne-Fairhope-Foley  AL ,3141,3141,915169,16,32,5114,1,4,785,10,240,18851,3052,3052,899657,16,32,5114,1,4,785,10,240,18851
202299,380,33660, ,Mobile  AL ,738,738,181987,0,0,0,3,12,1365,0,0,0,705,705,176293,0,0,0,3,12,1365,0,0,0
202299,384,33740, ,Monroe  LA ,340,340,86677,47,94,6744,6,24,3538,3,31,2822,338,338,86497,47,94,6744,6,24,3538,3,31,2822
202299,388,33860, ,Montgomery  AL ,793,793,200639,0,0,0,1,4,100,0,0,0,790,790,200106,0,0,0,1,4,100,0,0,0
202299,390,34060, ,Morgantown  WV ,11,11,1948,0,0,0,0,0,0,0,0,0,1,1,75,0,0,0,0,0,0,0,0,0
202299,396,34820, ,Myrtle Beach-Conway-North Myrtle Beach  SC-NC ,11519,11519,2710052,25,50,6092,6,20,2926,27,411,47870,11487,11487,2700413,24,48,5867,6,20,2926,12,330,43820
202299,400,34980, ,Nashville-Davidson--Murfreesboro--Franklin  TN ,15383,15383,4707258,82,164,10148,46,173,29486,1136,12594,1785777,14833,14833,4468956,82,164,10148,46,173,29486,1136,12594,1785777
202299,404,35100, ,New Bern  NC ,552,552,150653,1,2,200,0,0,0,11,136,20607,552,552,150653,1,2,200,0,0,0,11,136,20607
202299,406,25220, ,Hammond  LA ,869,869,170676,4,8,601,0,0,0,20,581,54145,869,869,170676,4,8,601,0,0,0,20,581,54145
202299,406,35380, ,New Orleans-Metairie  LA ,2934,2934,925194,196,392,52509,5,17,3209,4,100,31310,2907,2907,916802,196,392,52509,5,17,3209,4,100,31310
202299,408,14860,C,Bridgeport-Stamford-Norwalk  CT ,640,640,464134,20,40,5233,2,6,563,24,1145,304306,629,629,458149,20,40,5233,2,6,563,24,1145,304306
202299,408,20700, ,East Stroudsburg  PA ,249,249,80752,0,0,0,0,0,0,0,0,0,237,237,78701,0,0,0,0,0,0,0,0,0
202299,408,28740, ,Kingston  NY ,280,280,103317,3,6,1241,0,0,0,16,160,19404,231,231,90578,3,6,1241,0,0,0,16,160,19404
202299,408,35300, ,New Haven-Milford  CT ,484,484,149036,34,68,6023,2,7,710,35,787,112427,408,408,136540,34,68,6023,2,7,710,19,646,103409
202299,408,35620,C,New York-Newark-Jersey City  NY-NJ-PA ,12235,12235,3844674,796,1592,229600,225,745,84278,1621,55181,8591993,11912,11912,3729473,735,1470,220692,202,669,78330,1539,54179,8479427
202299,408,39100, ,Poughkeepsie-Newburgh-Middletown  NY ,895,895,349898,6,12,2744,11,39,9178,54,852,132057,661,661,286512,6,12,2744,11,39,9178,51,837,130105
202299,408,45940,C,Trenton-Princeton  NJ ,165,165,21964,0,0,0,2,7,14,46,471,27761,164,164,21913,0,0,0,2,7,14,33,402,22889
202299,412,35840,C,North Port-Sarasota-Bradenton  FL ,10987,10987,3451134,186,372,65077,16,59,42486,115,4362,614004,10987,10987,3451134,186,372,65077,16,59,42486,115,4362,614004
202299,412,39460, ,Punta Gorda  FL ,4637,4637,1375169,163,326,53925,30,117,29296,27,596,105542,4637,4637,1375169,163,326,53925,30,117,29296,27,596,105542
202299,416,36420,C,Oklahoma City  OK ,5951,5951,1792013,278,556,63912,28,104,10314,20,437,122827,5788,5788,1762884,278,556,63912,28,104,10314,20,437,122827
202299,420,36540, ,Omaha-Council Bluffs  NE-IA ,2651,2651,615369,67,134,10451,54,213,17863,114,3122,244658,2446,2446,561643,67,134,10451,54,213,17863,107,3087,241245
202299,422,19660, ,Deltona-Daytona Beach-Ormond Beach  FL ,6437,6437,2110651,97,194,35037,0,0,0,65,2115,240561,5966,5966,1956547,96,192,34522,0,0,0,65,2115,240561
202299,422,29460, ,Lakeland-Winter Haven  FL ,9158,9158,2471606,36,72,7753,1,3,347,103,2978,344972,8289,8289,2263661,36,72,7753,1,3,347,103,2978,344972
202299,422,36740, ,Orlando-Kissimmee-Sanford  FL ,16213,16213,4458262,99,198,35742,41,158,25437,324,12114,1691677,14575,14575,4003604,99,198,35742,41,158,25437,294,11615,1644664
202299,422,45540,C,The Villages  FL ,3919,3919,1046528,0,0,0,0,0,0,14,520,103106,3909,3909,1044628,0,0,0,0,0,0,14,520,103106
202299,425,37620, ,Parkersburg-Vienna  WV ,66,66,14781,0,0,0,0,0,0,0,0,0,55,55,13109,0,0,0,0,0,0,0,0,0
202299,426,37860,C,Pensacola-Ferry Pass-Brent  FL ,3343,3343,839313,7,14,1798,0,0,0,4,162,20180,3343,3343,839313,7,14,1798,0,0,0,4,162,20180
202299,428,12100,C,Atlantic City-Hammonton  NJ ,401,401,126519,11,22,4324,0,0,0,28,339,29170,380,380,123480,11,22,4324,0,0,0,28,339,29170
202299,428,20100,C,Dover  DE ,1008,1008,164508,12,24,3756,0,0,0,1,24,3062,1008,1008,164508,12,24,3756,0,0,0,1,24,3062
202299,428,36140,C,Ocean City  NJ ,593,593,277297,81,162,41605,11,36,17007,9,47,762,593,593,277297,81,162,41605,11,36,17007,9,47,762
202299,428,37980,C,Philadelphia-Camden-Wilmington  PA-NJ-DE-MD ,8534,8534,1999059,163,326,47808,185,620,80894,277,4891,641383,8282,8282,1962298,162,324,47358,185,620,80894,276,4886,640733
202299,428,39740, ,Reading  PA ,372,372,103500,3,6,959,0,0,0,1,8,100,372,372,103500,3,6,959,0,0,0,1,8,100
202299,428,47220,C,Vineland-Bridgeton  NJ ,115,115,16077,0,0,0,0,0,0,1,5,501,108,108,15748,0,0,0,0,0,0,1,5,501
202299,429,38060,C,Phoenix-Mesa-Chandler  AZ ,26797,26797,7424525,769,1538,191329,64,227,94070,563,19242,3217261,26695,26695,7403207,761,1522,189251,64,227,94070,546,17615,2932908
202299,430,38300, ,Pittsburgh  PA ,3101,3101,1024545,43,86,25683,32,116,19906,53,2564,298144,2857,2857,964172,43,86,25683,31,113,19606,47,2534,294707
202299,430,48260, ,Weirton-Steubenville  WV-OH ,33,33,7524,0,0,0,0,0,0,0,0,0,30,30,6725,0,0,0,0,0,0,0,0,0
202299,438,30340, ,Lewiston-Auburn  ME ,238,238,54787,2,4,541,0,0,0,10,242,26000,183,183,41430,1,2,341,0,0,0,10,242,26000
202299,438,38860, ,Portland-South Portland  ME ,2120,2120,683799,56,112,22405,15,48,6622,54,1482,203516,1500,1500,545241,49,98,20578,11,36,5622,35,1383,193771
202299,440,10540, ,Albany-Lebanon  OR ,220,220,62862,13,26,5895,1,3,636,4,78,10338,220,220,62862,13,26,5895,1,3,636,4,78,10338
202299,440,18700, ,Corvallis  OR ,174,174,52924,1,2,456,0,0,0,6,110,14984,174,174,52924,1,2,456,0,0,0,6,110,14984
202299,440,31020, ,Longview  WA ,311,311,88010,4,8,1211,17,68,9283,15,198,23542,311,311,88010,4,8,1211,17,68,9283,15,198,23542
202299,440,38900, ,Portland-Vancouver-Hillsboro  OR-WA ,6029,6029,2391239,53,106,20381,25,89,12416,207,6754,954181,6027,6027,2390442,53,106,20381,25,89,12416,207,6754,954181
202299,440,41420, ,Salem  OR ,874,874,284356,17,34,7165,10,36,7790,116,1873,214515,874,874,284356,17,34,7165,10,36,7790,116,1873,214515
202299,444,39380,C,Pueblo  CO ,497,497,81794,0,0,0,0,0,0,0,0,0,497,497,81794,0,0,0,0,0,0,0,0,0
202299,450,20500,C,Durham-Chapel Hill  NC ,3170,3170,1191282,35,70,9869,3,9,1691,56,3143,551618,3170,3170,1191282,35,70,9869,3,9,1691,56,3143,551618
202299,450,39580,C,Raleigh-Cary  NC ,12488,12488,3240158,24,48,8958,2,8,1832,191,9846,1222861,12488,12488,3240158,24,48,8958,2,8,1832,191,9846,1222861
202299,452,39660, ,Rapid City  SD ,620,620,182486,4,8,1557,5,20,2371,30,997,125248,620,620,182486,4,8,1557,5,20,2371,30,997,125248
202299,454,39820, ,Redding  CA ,375,375,116290,0,0,0,0,0,0,0,0,0,265,265,84800,0,0,0,0,0,0,0,0,0
202299,456,16180,C,Carson City  NV ,167,167,44077,0,0,0,4,12,1527,15,93,9286,0,0,0,0,0,0,0,0,0,0,0,0
202299,456,39900,C,Reno  NV ,2184,2184,600030,60,120,16215,18,65,8957,195,3443,429982,468,468,114717,34,68,10771,4,13,2101,70,1012,121242
202299,462,40340, ,Rochester  MN ,643,643,204221,3,6,920,14,55,11841,16,1019,128202,571,571,188126,3,6,920,14,55,11841,16,1019,128202
202299,464,40380, ,Rochester  NY ,1151,1151,353389,44,88,18768,39,142,18079,57,1272,196147,1025,1025,327104,44,88,18768,34,127,16654,53,1252,194048
202299,466,40420, ,Rockford  IL ,289,289,60204,10,20,2681,3,9,248,0,0,0,289,289,60204,10,20,2681,3,9,248,0,0,0
202299,468,40580, ,Rocky Mount  NC ,427,427,71258,0,0,0,0,0,0,0,0,0,191,191,33441,0,0,0,0,0,0,0,0,0
202299,472,40900,C,Sacramento-Roseville-Folsom  CA ,8170,8170,2515604,94,188,25144,32,115,24687,74,2327,383536,8170,8170,2515604,94,188,25144,32,115,24687,74,2327,383536
202299,472,49700, ,Yuba City  CA ,592,592,165968,14,28,2608,0,0,0,12,118,12460,592,592,165968,14,28,2608,0,0,0,12,118,12460
202299,474,13020, ,Bay City  MI ,67,67,20520,0,0,0,0,0,0,0,0,0,35,35,11735,0,0,0,0,0,0,0,0,0
202299,474,33220, ,Midland  MI ,108,108,25794,11,22,2247,0,0,0,0,0,0,95,95,22415,11,22,2247,0,0,0,0,0,0
202299,474,40980, ,Saginaw  MI ,143,143,37434,6,12,1420,0,0,0,1,20,4077,129,129,34482,6,12,1420,0,0,0,1,20,4077
202299,476,41180, ,St. Louis  MO-IL ,4742,4742,1646103,47,94,13647,24,92,12189,137,4202,593122,4577,4577,1594251,46,92,13313,24,92,12189,112,4071,573243
202299,480,41540, ,Salisbury  MD-DE ,4235,4235,702044,107,214,32357,3,10,1919,24,460,44134,4231,4231,701457,107,214,32357,3,10,1919,24,460,44134
202299,482,36260, ,Ogden-Clearfield  UT ,2972,2972,930680,4,8,1370,42,156,25820,101,1891,286827,2591,2591,815867,4,8,1370,28,106,16398,87,1819,278992
202299,482,39340, ,Provo-Orem  UT ,5153,5153,1715752,76,152,30089,43,158,28442,145,2824,469855,5142,5142,1711133,76,152,30089,43,158,28442,145,2824,469855
202299,482,41620, ,Salt Lake City  UT ,3992,3992,1134860,42,84,12811,26,94,21941,127,5932,870306,3824,3824,1094385,21,42,8960,19,73,18098,77,2258,375072
202299,484,41700,C,San Antonio-New Braunfels  TX ,10223,10223,2547354,96,192,25012,47,183,28171,433,13738,1640341,9552,9552,2411294,96,192,25012,47,183,28171,433,13738,1640341
202299,488,32900, ,Merced  CA ,373,373,108173,1,2,360,1,3,257,14,352,55841,320,320,93315,1,2,360,1,3,257,14,352,55841
202299,488,33700, ,Modesto  CA ,636,636,132967,3,6,1120,1,3,527,4,29,3325,589,589,127480,3,6,1120,1,3,527,4,29,3325
202299,488,34900, ,Napa  CA ,220,220,69835,1,2,233,2,6,1734,13,872,149611,106,106,33942,0,0,0,2,6,1734,1,15,1411
202299,488,41860,C,San Francisco-Oakland-Berkeley  CA ,3376,3376,1164936,42,84,23258,45,154,38264,168,7566,1677018,3044,3044,1023544,34,68,18848,39,136,33023,122,7292,1619118
202299,488,41940,C,San Jose-Sunnyvale-Santa Clara  CA ,3928,3928,1160946,10,20,5244,2,8,2420,116,5472,993692,3928,3928,1160946,10,20,5244,2,8,2420,116,5472,993692
202299,488,42100, ,Santa Cruz-Watsonville  CA ,403,403,81115,1,2,950,1,3,1352,17,200,18888,350,350,75522,1,2,950,1,3,1352,5,122,12870
202299,488,42220, ,Santa Rosa-Petaluma  CA ,954,954,284137,2,4,705,2,7,1065,57,1299,309259,759,759,244966,2,4,705,2,7,1065,36,1193,287759
202299,488,44700, ,Stockton  CA ,3205,3205,1143094,12,24,6345,0,0,0,14,256,37622,3205,3205,1143094,12,24,6345,0,0,0,14,256,37622
202299,488,46700, ,Vallejo  CA ,948,948,267916,0,0,0,0,0,0,7,206,28817,940,940,265630,0,0,0,0,0,0,7,206,28817
202299,496,25980, ,Hinesville  GA ,768,768,171903,2,4,370,0,0,0,1,72,12225,467,467,100435,2,4,370,0,0,0,1,72,12225
202299,496,42340, ,Savannah  GA ,2226,2226,614872,68,136,13042,24,93,11807,56,737,88294,2226,2226,614872,68,136,13042,24,93,11807,56,737,88294
202299,500,14740,C,Bremerton-Silverdale-Port Orchard  WA ,1041,1041,358408,4,8,1021,16,50,8207,20,602,88077,1041,1041,358408,4,8,1021,16,50,8207,20,602,88077
202299,500,34580, ,Mount Vernon-Anacortes  WA ,261,261,80634,8,16,3052,9,35,3988,13,267,25489,261,261,80634,7,14,2812,8,32,3551,1,10,1502
202299,500,36500, ,Olympia-Lacey-Tumwater  WA ,584,584,153816,11,22,2523,5,19,11302,55,913,120924,471,471,128490,11,22,2523,5,19,11302,42,843,117947
202299,500,42660,C,Seattle-Tacoma-Bellevue  WA ,7029,7029,2643867,467,934,225836,216,718,153171,339,17980,2668408,6419,6419,2434153,464,928,224344,215,715,152670,296,17450,2611257
202299,508,43340,C,Shreveport-Bossier City  LA ,915,915,252594,0,0,0,0,0,0,0,0,0,915,915,252594,0,0,0,0,0,0,0,0,0
202299,515,21140, ,Elkhart-Goshen  IN ,327,327,107622,0,0,0,0,0,0,5,60,8000,321,321,105902,0,0,0,0,0,0,5,60,8000
202299,515,35660, ,Niles  MI ,259,259,120595,11,22,2850,0,0,0,1,5,600,229,229,110720,11,22,2850,0,0,0,1,5,600
202299,515,43780, ,South Bend-Mishawaka  IN-MI ,429,429,181050,2,4,1240,0,0,0,5,309,36882,426,426,180549,2,4,1240,0,0,0,5,309,36882
202299,518,17660, ,Coeur dAlene  ID ,1206,1206,483991,25,50,11528,6,18,7541,41,765,96237,940,940,414694,16,32,8072,0,0,0,26,522,69884
202299,518,44060, ,Spokane-Spokane Valley  WA ,2022,2022,551467,74,148,31996,16,56,10389,87,1796,208934,2022,2022,551467,74,148,31996,16,56,10389,87,1796,208934
202299,522,44100, ,Springfield  IL ,146,146,50384,11,22,4061,0,0,0,5,42,5084,140,140,48514,11,22,4061,0,0,0,5,42,5084
202299,524,44300, ,State College  PA ,288,288,97732,6,12,1864,4,16,3266,4,338,121950,283,283,96966,6,12,1864,4,16,3266,4,338,121950
202299,532,45060, ,Syracuse  NY ,466,466,134881,11,22,3896,0,0,0,1,44,5475,397,397,119104,11,22,3896,0,0,0,1,44,5475
202299,534,45780, ,Toledo  OH ,653,653,240567,7,14,4355,4,16,1190,17,436,36371,635,635,236349,7,14,4355,4,16,1190,17,436,36371
202299,536,46060,C,Tucson  AZ ,3735,3735,1239358,31,62,7862,3,12,2771,106,1905,240879,2817,2817,1005365,6,12,1919,3,12,2771,47,993,104019
202299,538,46140,C,Tulsa  OK ,3843,3843,989588,21,42,5697,7,24,2898,40,1214,124123,3766,3766,973339,21,42,5697,7,24,2898,22,1077,113584
202299,540,46340, ,Tyler  TX ,701,701,175999,31,62,8070,10,32,4747,5,35,4420,686,686,172878,31,62,8070,10,32,4747,5,35,4420
202299,544,47020, ,Victoria  TX ,204,204,51119,0,0,0,0,0,0,0,0,0,204,204,51119,0,0,0,0,0,0,0,0,0
202299,545,47260, ,Virginia Beach-Norfolk-Newport News  VA-NC ,3680,3680,1007670,17,34,6330,4,15,2992,103,2584,256833,3600,3600,994800,17,34,6330,4,15,2992,103,2584,256833
202299,548,12580,C,Baltimore-Columbia-Towson  MD ,2832,2832,745803,5,10,750,2,6,669,58,3740,509312,2832,2832,745803,5,10,750,2,6,669,58,3740,509312
202299,548,15680,C,California-Lexington Park  MD ,238,238,91180,0,0,0,0,0,0,0,0,0,238,238,91180,0,0,0,0,0,0,0,0,0
202299,548,16540,C,Chambersburg-Waynesboro  PA ,312,312,86927,15,30,4845,3,12,1920,10,56,5980,290,290,81098,15,30,4845,3,12,1920,8,46,4684
202299,548,25180, ,Hagerstown-Martinsburg  MD-WV ,1854,1854,464164,13,26,4349,0,0,0,12,268,30551,1803,1803,454288,13,26,4349,0,0,0,12,268,30551
202299,548,47900, ,Washington-Arlington-Alexandria  DC-VA-MD-WV ,12013,12013,3391409,37,74,9839,5,20,3645,737,23799,3173887,11154,11154,3169271,37,74,9839,5,20,3645,706,22662,3035797
202299,548,49020, ,Winchester  VA-WV ,741,741,202458,0,0,0,0,0,0,17,300,47630,739,739,201994,0,0,0,0,0,0,17,300,47630
202299,554,48140, ,Wausau-Weston  WI ,351,351,109018,6,12,1658,0,0,0,5,124,14938,351,351,109018,6,12,1658,0,0,0,5,124,14938
202299,556,48620, ,Wichita  KS ,1586,1586,578494,403,806,97234,17,62,9636,15,396,47604,1414,1414,490918,378,756,92873,16,59,9386,15,396,47604
202299,558,48700, ,Williamsport  PA ,70,70,22029,0,0,0,0,0,0,1,43,5275,61,61,19928,0,0,0,0,0,0,1,43,5275
202299,566,49660, ,Youngstown-Warren-Boardman  OH-PA ,347,347,86485,1,2,377,1,3,381,1,12,1500,343,343,85421,1,2,377,1,3,381,1,12,1500
202299,999,10180, ,Abilene  TX ,473,473,114059,26,52,5698,0,0,0,36,274,24000,473,473,114059,26,52,5698,0,0,0,36,274,24000
202299,999,10500, ,Albany  GA ,169,169,25104,0,0,0,0,0,0,2,33,3657,142,142,19953,0,0,0,0,0,0,2,33,3657
202299,999,10780, ,Alexandria  LA ,313,313,77208,20,40,2900,0,0,0,0,0,0,313,313,77208,20,40,2900,0,0,0,0,0,0
202299,999,10900, ,Allentown-Bethlehem-Easton  PA-NJ ,1576,1576,390056,14,28,2955,5,20,2295,17,608,83957,1525,1525,381311,14,28,2955,5,20,2295,17,608,83957
202299,999,11260,C,Anchorage  AK ,166,166,78557,5,10,1543,2,8,1164,3,29,2352,166,166,78557,5,10,1543,2,8,1164,3,29,2352
202299,999,11500, ,Anniston-Oxford  AL ,76,76,12430,1,2,125,0,0,0,0,0,0,68,68,11790,1,2,125,0,0,0,0,0,0
202299,999,12260, ,Augusta-Richmond County  GA-SC ,3429,3429,837584,3,6,731,23,89,9222,31,666,80960,2397,2397,634228,3,6,731,23,89,9222,31,666,80960
202299,999,12420, ,Austin-Round Rock-Georgetown  TX ,19715,19715,5498099,163,326,32502,38,142,19819,464,22179,2838419,17667,17667,5069449,163,326,32502,36,136,19151,464,22179,2838419
202299,999,12540, ,Bakersfield  CA ,2471,2471,640043,13,26,1787,2,7,4554,17,184,21586,2469,2469,639409,13,26,1787,2,7,4554,17,184,21586
202299,999,12620, ,Bangor  ME ,334,334,79279,25,50,8587,8,31,4866,0,0,0,220,220,58180,22,44,7858,7,28,4669,0,0,0
202299,999,12940, ,Baton Rouge  LA ,3478,3478,807830,11,22,10996,1,3,385,12,267,30039,1622,1622,367916,10,20,2076,1,3,385,12,267,30039
202299,999,13140, ,Beaumont-Port Arthur  TX ,1338,1338,326978,12,24,2833,0,0,0,1,6,600,1199,1199,300111,9,18,2279,0,0,0,1,6,600
202299,999,13220,C,Beckley  WV ,104,104,22924,0,0,0,0,0,0,0,0,0,102,102,22695,0,0,0,0,0,0,0,0,0
202299,999,13380, ,Bellingham  WA ,810,810,249070,5,10,1766,21,78,15773,25,716,89909,801,801,246448,5,10,1766,21,78,15773,25,716,89909
202299,999,13740, ,Billings  MT ,881,881,153889,36,72,10463,0,0,0,12,249,29298,696,696,146208,36,72,10463,0,0,0,12,249,29298
202299,999,13780, ,Binghamton  NY ,145,145,33987,0,0,0,0,0,0,35,300,29147,74,74,18244,0,0,0,0,0,0,0,0,0
202299,999,13900, ,Bismarck  ND ,378,378,117113,45,90,18605,18,70,5564,2,72,10204,377,377,116923,45,90,18605,18,70,5564,2,72,10204
202299,999,13980, ,Blacksburg-Christiansburg  VA ,377,377,105461,8,16,3081,0,0,0,4,107,18392,377,377,105461,8,16,3081,0,0,0,4,107,18392
202299,999,15260, ,Brunswick  GA ,880,880,294710,44,88,10605,16,63,15062,19,537,64392,831,831,284137,44,88,10605,16,63,15062,19,537,64392
202299,999,16060, ,Carbondale-Marion  IL ,67,67,10658,2,4,285,18,69,5435,2,10,1100,54,54,8738,2,4,285,18,69,5435,2,10,1100
202299,999,16220,C,Casper  WY ,134,134,38019,5,10,1575,1,4,470,2,60,6671,134,134,38019,5,10,1575,1,4,470,2,60,6671
202299,999,16580, ,Champaign-Urbana  IL ,313,313,100574,0,0,0,8,32,4000,10,575,97464,313,313,100574,0,0,0,8,32,4000,10,575,97464
202299,999,16700,C,Charleston-North Charleston  SC ,6329,6329,2246917,1,2,526,8,32,8607,129,3128,324792,4183,4183,1743638,1,2,526,8,32,8607,74,1729,211431
202299,999,16820, ,Charlottesville  VA ,1017,1017,347621,2,4,240,6,20,1584,34,459,38954,947,947,327753,2,4,240,6,20,1584,34,459,38954
202299,999,16940, ,Cheyenne  WY ,375,375,76734,0,0,0,36,144,18536,13,644,46521,375,375,76734,0,0,0,36,144,18536,13,644,46521
202299,999,17020, ,Chico  CA ,989,989,269863,25,50,4928,12,48,3509,40,766,85855,989,989,269863,25,50,4928,12,48,3509,40,766,85855
202299,999,17300,C,Clarksville  TN-KY ,1501,1501,301489,22,44,6377,105,409,43031,228,2139,184152,1501,1501,301489,22,44,6377,105,409,43031,228,2139,184152
202299,999,17780, ,College Station-Bryan  TX ,1545,1545,348188,12,24,3103,10,40,4827,15,166,12852,1545,1545,348188,12,24,3103,10,40,4827,15,166,12852
202299,999,17820,C,Colorado Springs  CO ,3646,3646,1402274,118,236,24460,5,20,2527,128,4942,762756,3646,3646,1402274,118,236,24460,5,20,2527,128,4942,762756
202299,999,18880,C,Crestview-Fort Walton Beach-Destin  FL ,2784,2784,1473397,40,80,14654,12,36,6530,59,1222,231309,2784,2784,1473397,40,80,14654,12,36,6530,59,1222,231309
202299,999,19060, ,Cumberland  MD-WV ,63,63,17192,0,0,0,1,3,420,0,0,0,63,63,17192,0,0,0,1,3,420,0,0,0
202299,999,19180, ,Danville  IL ,2,2,400,0,0,0,0,0,0,0,0,0,1,1,300,0,0,0,0,0,0,0,0,0
202299,999,19500, ,Decatur  IL ,21,21,7523,0,0,0,0,0,0,0,0,0,21,21,7523,0,0,0,0,0,0,0,0,0
202299,999,20220, ,Dubuque  IA ,155,155,56048,1,2,540,2,6,1600,0,0,0,155,155,56048,1,2,540,2,6,1600,0,0,0
202299,999,20260, ,Duluth  MN-WI ,555,555,146767,7,14,3430,0,0,0,3,187,32400,538,538,142114,7,14,3430,0,0,0,3,187,32400
202299,999,20940, ,El Centro  CA ,379,379,60778,2,4,302,0,0,0,12,168,22001,240,240,34449,2,4,302,0,0,0,12,168,22001
202299,999,21420, ,Enid  OK ,46,46,12693,0,0,0,0,0,0,0,0,0,46,46,12693,0,0,0,0,0,0,0,0,0
202299,999,21660, ,Eugene-Springfield  OR ,865,865,228738,12,24,4111,2,8,865,29,862,77253,659,659,176087,12,24,4111,2,8,865,29,862,77253
202299,999,21780, ,Evansville  IN-KY ,807,807,274063,66,132,19502,0,0,0,15,247,17848,807,807,274063,66,132,19502,0,0,0,15,247,17848
202299,999,21820,C,Fairbanks  AK ,27,27,4778,0,0,0,0,0,0,0,0,0,27,27,4778,0,0,0,0,0,0,0,0,0
202299,999,22140,C,Farmington  NM ,138,138,30413,0,0,0,0,0,0,1,5,500,138,138,30413,0,0,0,0,0,0,1,5,500
202299,999,22220, ,Fayetteville-Springdale-Rogers  AR-MO ,5435,5435,1664420,87,174,34308,45,174,26200,88,1463,158757,4881,4881,1549406,81,162,31518,45,174,26200,53,1032,125022
202299,999,22380, ,Flagstaff  AZ ,407,407,153184,2,4,588,0,0,0,16,327,74433,407,407,153184,2,4,588,0,0,0,16,327,74433
202299,999,22500, ,Florence  SC ,697,697,123541,22,44,3300,1,3,285,2,15,1299,696,696,123332,22,44,3300,1,3,285,1,7,560
202299,999,22520, ,Florence-Muscle Shoals  AL ,204,204,25608,22,44,1760,0,0,0,4,26,1898,162,162,21064,22,44,1760,0,0,0,4,26,1898
202299,999,22540, ,Fond du Lac  WI ,142,142,50624,0,0,0,0,0,0,0,0,0,139,139,49760,0,0,0,0,0,0,0,0,0
202299,999,22660,C,Fort Collins  CO ,1385,1385,501362,20,40,10586,12,41,12014,55,1106,196172,1385,1385,501362,20,40,10586,12,41,12014,55,1106,196172
202299,999,22900, ,Fort Smith  AR-OK ,408,408,86068,72,144,18279,19,58,11550,5,122,17603,355,355,80662,71,142,18091,14,43,10275,5,122,17603
202299,999,23460, ,Gadsden  AL ,157,157,29476,0,0,0,0,0,0,0,0,0,157,157,29476,0,0,0,0,0,0,0,0,0
202299,999,24140, ,Goldsboro  NC ,344,344,96850,1,2,251,0,0,0,3,72,5262,344,344,96850,1,2,251,0,0,0,3,72,5262
202299,999,24220, ,Grand Forks  ND-MN ,165,165,46425,0,0,0,0,0,0,0,0,0,163,163,45975,0,0,0,0,0,0,0,0,0
202299,999,24260, ,Grand Island  NE ,179,179,42847,16,32,6814,7,23,3391,0,0,0,149,149,36995,16,32,6814,7,23,3391,0,0,0
202299,999,24300,C,Grand Junction  CO ,668,668,159123,4,8,853,0,0,0,11,293,25079,668,668,159123,4,8,853,0,0,0,11,293,25079
202299,999,24500,C,Great Falls  MT ,198,198,55286,4,8,1700,0,0,0,7,337,53231,198,198,55286,4,8,1700,0,0,0,7,337,53231
202299,999,25060, ,Gulfport-Biloxi  MS ,2695,2695,413663,6,12,959,2,8,900,17,188,8481,2045,2045,305684,4,8,469,2,8,900,17,188,8481
202299,999,25860, ,Hickory-Lenoir-Morganton  NC ,1799,1799,424325,14,28,3500,0,0,0,68,810,88204,1672,1672,402780,10,20,2060,0,0,0,50,690,81519
202299,999,25940, ,Hilton Head Island-Bluffton  SC ,2639,2639,1194183,4,8,3148,14,50,16138,13,254,32260,2639,2639,1194183,4,8,3148,14,50,16138,13,254,32260
202299,999,26140, ,Homosassa Springs  FL ,1620,1620,432490,4,8,1736,0,0,0,0,0,0,1614,1614,430032,4,8,1736,0,0,0,0,0,0
202299,999,26380, ,Houma-Thibodaux  LA ,762,762,195282,26,52,4042,2,6,500,10,52,5479,762,762,195282,26,52,4042,2,6,500,10,52,5479
202299,999,27100, ,Jackson  MI ,141,141,41099,0,0,0,0,0,0,0,0,0,94,94,27807,0,0,0,0,0,0,0,0,0
202299,999,27340,C,Jacksonville  NC ,1212,1212,268893,16,32,3203,2,6,2438,3,72,6280,1212,1212,268893,16,32,3203,2,6,2438,3,72,6280
202299,999,27620, ,Jefferson City  MO ,163,163,47164,4,8,1495,2,8,767,0,0,0,139,139,42950,4,8,1495,1,4,522,0,0,0
202299,999,27980,C,Kahului-Wailuku-Lahaina  HI ,284,284,189546,31,62,10807,0,0,0,11,338,109141,284,284,189546,31,62,10807,0,0,0,11,338,109141
202299,999,28660,C,Killeen-Temple  TX ,2677,2677,579551,251,502,56004,0,0,0,57,837,126446,2672,2672,577911,251,502,56004,0,0,0,57,837,126446
202299,999,29100, ,La Crosse-Onalaska  WI-MN ,212,212,79155,24,48,10051,3,12,3000,3,129,15933,211,211,79063,24,48,10051,3,12,3000,3,129,15933
202299,999,29420, ,Lake Havasu City-Kingman  AZ ,1962,1962,542752,41,82,6141,10,35,3372,0,0,0,1962,1962,542752,41,82,6141,10,35,3372,0,0,0
202299,999,29540, ,Lancaster  PA ,945,945,250901,21,42,10134,9,34,6681,34,408,47911,944,944,250651,21,42,10134,9,34,6681,34,408,47911
202299,999,29620, ,Lansing-East Lansing  MI ,475,475,144802,5,10,1650,6,24,1825,19,464,55456,427,427,130795,5,10,1650,6,24,1825,19,464,55456
202299,999,29700, ,Laredo  TX ,1170,1170,299777,8,16,2084,23,86,12923,0,0,0,1170,1170,299777,8,16,2084,23,86,12923,0,0,0
202299,999,30020, ,Lawton  OK ,79,79,12601,0,0,0,0,0,0,0,0,0,49,49,11851,0,0,0,0,0,0,0,0,0
202299,999,30300, ,Lewiston  ID-WA ,124,124,34999,5,10,2149,0,0,0,0,0,0,124,124,34999,5,10,2149,0,0,0,0,0,0
202299,999,30860, ,Logan  UT-ID ,787,787,262148,2,4,891,1,4,1013,26,313,46961,779,779,259876,2,4,891,1,4,1013,26,313,46961
202299,999,30980, ,Longview  TX ,351,351,86137,25,50,5611,13,52,7322,19,292,22211,351,351,86137,25,50,5611,13,52,7322,19,292,22211
202299,999,31340, ,Lynchburg  VA ,499,499,118751,2,4,509,5,16,2746,21,286,24161,473,473,113570,1,2,225,1,4,332,9,158,20843
202299,999,31740, ,Manhattan  KS ,242,242,77370,3,6,855,1,4,333,2,49,10387,120,120,38690,2,4,577,0,0,0,2,49,10387
202299,999,33540,C,Missoula  MT ,347,347,97069,10,20,2597,4,15,1785,49,696,77545,347,347,97069,10,20,2597,4,15,1785,49,696,77545
202299,999,36100, ,Ocala  FL ,5318,5318,1285575,2,4,200,0,0,0,43,1167,132268,5318,5318,1285575,2,4,200,0,0,0,43,1167,132268
202299,999,36980, ,Owensboro  KY ,219,219,22504,8,16,1889,2,7,1545,1,5,680,212,212,21092,7,14,1716,2,7,1545,1,5,680
202299,999,37340, ,Palm Bay-Melbourne-Titusville  FL ,4255,4255,1564752,1,2,1070,10,36,13214,25,965,167366,4125,4125,1543360,1,2,1070,10,36,13214,25,965,167366
202299,999,37460, ,Panama City  FL ,2104,2104,762194,8,16,3098,3,9,2039,13,159,36397,1956,1956,725129,8,16,3098,3,9,2039,13,159,36397
202299,999,37900, ,Peoria  IL ,168,168,57977,1,2,700,0,0,0,10,120,5800,157,157,54797,1,2,700,0,0,0,10,120,5800
202299,999,38340, ,Pittsfield  MA ,112,112,65567,5,10,1510,1,4,840,0,0,0,51,51,41070,5,10,1510,1,4,840,0,0,0
202299,999,38540, ,Pocatello  ID ,284,284,64908,12,24,2954,30,113,12847,5,121,12412,205,205,56795,11,22,2698,22,88,10255,5,121,12412
202299,999,39150, ,Prescott Valley-Prescott  AZ ,1745,1745,596754,70,140,21510,0,0,0,8,481,106226,1745,1745,596754,70,140,21510,0,0,0,8,481,106226
202299,999,40060, ,Richmond  VA ,4503,4503,1187802,66,132,17148,4,13,1551,186,5766,602469,4378,4378,1166869,66,132,17148,4,13,1551,174,5668,592457
202299,999,40220, ,Roanoke  VA ,452,452,134064,2,4,628,0,0,0,9,315,38493,452,452,134064,2,4,628,0,0,0,9,315,38493
202299,999,41100, ,St. George  UT ,2486,2486,520894,0,0,0,11,40,7431,51,670,80300,2470,2470,516441,0,0,0,11,40,7431,51,670,80300
202299,999,41500, ,Salinas  CA ,611,611,156898,9,18,3598,16,63,8461,19,394,37888,611,611,156898,9,18,3598,16,63,8461,19,394,37888
202299,999,41660,C,San Angelo  TX ,322,322,78714,0,0,0,0,0,0,0,0,0,322,322,78714,0,0,0,0,0,0,0,0,0
202299,999,41740,C,San Diego-Chula Vista-Carlsbad  CA ,3517,3517,1038415,57,114,18153,108,374,78339,247,5341,1085896,3517,3517,1038415,57,114,18153,108,374,78339,247,5341,1085896
202299,999,42020, ,San Luis Obispo-Paso Robles  CA ,634,634,191343,11,22,2949,10,36,6123,27,419,60102,634,634,191343,11,22,2949,10,36,6123,27,419,60102
202299,999,42200, ,Santa Maria-Santa Barbara  CA ,376,376,143708,4,8,6107,7,23,4313,25,689,79157,376,376,143708,4,8,6107,7,23,4313,25,689,79157
202299,999,42540, ,Scranton--Wilkes-Barre  PA ,524,524,152675,13,26,4356,3,12,1873,8,46,5893,477,477,141188,13,26,4356,3,12,1873,2,16,2970
202299,999,42700, ,Sebring-Avon Park  FL ,641,641,148786,11,22,3706,0,0,0,0,0,0,641,641,148786,11,22,3706,0,0,0,0,0,0
202299,999,43100, ,Sheboygan  WI ,118,118,43390,14,28,6536,0,0,0,0,0,0,118,118,43390,14,28,6536,0,0,0,0,0,0
202299,999,43420, ,Sierra Vista-Douglas  AZ ,508,508,78264,1,2,370,3,11,995,1,8,550,508,508,78264,1,2,370,3,11,995,1,8,550
202299,999,43580, ,Sioux City  IA-NE-SD ,282,282,85136,2,4,800,11,34,202,9,129,11950,167,167,52694,2,4,800,1,3,202,9,129,11950
202299,999,43620, ,Sioux Falls  SD ,1626,1626,400360,12,24,4352,62,234,30010,159,3670,492867,1605,1605,395529,12,24,4352,62,234,30010,159,3670,492867
202299,999,44140, ,Springfield  MA ,431,431,154539,15,30,5416,1,4,577,25,275,32846,250,250,114328,13,26,4818,1,4,577,10,160,17991
202299,999,44180, ,Springfield  MO ,1415,1415,438743,22,44,5219,6,18,1700,13,229,31557,1241,1241,403322,18,36,4106,2,6,950,13,229,31557
202299,999,44940, ,Sumter  SC ,402,402,74329,32,64,6101,0,0,0,1,36,965,402,402,74329,32,64,6101,0,0,0,1,36,965
202299,999,45220, ,Tallahassee  FL ,1396,1396,278872,9,18,1994,0,0,0,61,1645,214104,621,621,125947,0,0,0,0,0,0,4,80,13900
202299,999,45300,C,Tampa-St. Petersburg-Clearwater  FL ,15678,15678,4701182,100,200,25984,227,798,42062,744,13292,1480760,15594,15594,4687104,95,190,24584,227,798,42062,719,13155,1446759
202299,999,45460, ,Terre Haute  IN ,118,118,25106,10,20,2805,6,24,1075,9,54,5850,75,75,17859,10,20,2805,6,24,1075,9,54,5850
202299,999,45500, ,Texarkana  TX-AR ,130,130,30341,9,18,1965,2,8,828,1,5,385,80,80,19004,9,18,1965,2,8,828,1,5,385
202299,999,45820, ,Topeka  KS ,413,413,94677,8,16,1600,0,0,0,0,0,0,405,405,93435,8,16,1600,0,0,0,0,0,0
202299,999,46220, ,Tuscaloosa  AL ,714,714,186071,2,4,835,16,54,8231,7,271,41677,664,664,173454,2,4,835,16,54,8231,7,271,41677
202299,999,46300, ,Twin Falls  ID ,483,483,132760,11,22,4450,0,0,0,7,100,20280,479,479,131862,11,22,4450,0,0,0,7,100,20280
202299,999,46520,C,Urban Honolulu  HI ,662,662,245004,75,150,24515,0,0,0,44,1714,613103,662,662,245004,75,150,24515,0,0,0,44,1714,613103
202299,999,46540, ,Utica-Rome  NY ,244,244,71879,0,0,0,1,4,210,12,76,11875,162,162,58039,0,0,0,0,0,0,0,0,0
202299,999,46660, ,Valdosta  GA ,1280,1280,244084,11,22,1458,0,0,0,0,0,0,629,629,134139,0,0,0,0,0,0,0,0,0
202299,999,47300, ,Visalia  CA ,1420,1420,367886,23,46,6627,0,0,0,87,919,124918,1420,1420,367886,23,46,6627,0,0,0,87,919,124918
202299,999,47380, ,Waco  TX ,954,954,163180,30,60,6966,0,0,0,25,379,36689,881,881,149839,30,60,6966,0,0,0,14,324,31032
202299,999,47940, ,Waterloo-Cedar Falls  IA ,187,187,64255,15,30,3603,1,4,800,5,43,6133,186,186,63955,15,30,3603,1,4,800,5,43,6133
202299,999,48060, ,Watertown-Fort Drum  NY ,176,176,27535,0,0,0,1,3,158,0,0,0,169,169,27172,0,0,0,1,3,158,0,0,0
202299,999,48300, ,Wenatchee  WA ,570,570,168831,5,10,2218,9,36,7783,7,245,27016,298,298,117191,5,10,2218,9,36,7783,7,245,27016
202299,999,48540, ,Wheeling  WV-OH ,14,14,2818,2,4,325,0,0,0,0,0,0,14,14,2818,2,4,325,0,0,0,0,0,0
202299,999,48660, ,Wichita Falls  TX ,162,162,42320,0,0,0,0,0,0,9,216,23611,137,137,36445,0,0,0,0,0,0,9,216,23611
202299,999,48900, ,Wilmington  NC ,2489,2489,788503,71,142,21172,4,14,3599,55,1776,230554,2464,2464,779918,71,142,21172,4,14,3599,55,1776,230554
202299,999,49420, ,Yakima  WA ,426,426,110012,20,40,4941,23,81,10465,8,159,13238,425,425,109705,20,40,4941,23,81,10465,8,159,13238
202299,999,49740, ,Yuma  AZ ,728,728,122232,11,22,2908,1,4,317,7,98,11754,728,728,122232,11,22,2908,1,4,317,7,98,11754
